96
1976
865
1870
105
1562
1719
759
865
1213
1164
1900
1120
1964
136
776
1607
86
573
1955
836
626
1761
1294
128
1569
468
898
1765
1385
125
1471
1693
933
190
1078
1143
333
1623
1064
1582
82
1759
1310
1064
950
126
1915
1385
516
629
1693
1059
1838
790
883
1659
35
202
1704
1077
488
1057
212
1254
530
386
19
1890
1627
377
1432
1273
1993
1680
844
1196
1023
588
1841
1133
1332
1402
1743
161
39
1460
390
1531
1583
512
1326
1604
658
1095
589
724
1803
1695
1210
434
1339
1307
1653
687
767
108
253
1939
1725
1526
1979
1593
1824
806
16
1962
1837
621
423
192
198
918
1790
1369
1015
1598
165
254
1160
495
1020
368
552
1739
1342
984
498
111
1572
791
1588
589
540
1546
878
1284
926
690
1822
816
177
318
1047
647
717
1580
986
181
1505
1535
230
43
739
1748
716
305
471
1453
1508
902
844
1479
1397
532
796
461
1469
1010
1288
1104
187
1699
98
1037
534
32
1664
1376
20
507
752
602
250
251
1866
1775
987
1686
1929
489
1547
450
1422
1874
1419
1039
1049
1894
403
942
302
1550
1035
1258
1247
1453
1444
1824
1915
1238
712
576
1905
1022
758
1728
1350
1845
994
783
1227
411
1170
1419
1165
1896
424
1046
517
1281
48
1981
1501
1542
1449
972
387
369
1218
690
1679
1406
664
372
1992
1648
1447
857
1211
107
1310
247
175
1563
819
769
1884
128
1565
1045
1914
294
1392
237
680
876
1962
1844
1277
345
250
764
1989
153
342
691
793
947
1260
1093
1153
1293
713
1264
1567
1956
355
1810
37
235
706
452
368
1542
1531
344
153
1269
1468
986
665
261
1835
1427
940
468
59
1992
1634
868
1675
1426
1903
1336
1456
611
722
461
130
1593
1340
1441
1111
912
1554
1870
1294
1538
1976
1369
1382
594
101
655
1821
1731
1055
1221
1459
480
898
1754
1974
1351
904
186
243
1688
315
1760
1808
1064
1605
714
1469
989
828
1104
1488
356
1575
1725
76
416
1595
1471
1956
1963
1964
1847
1749
1857
998
576
367
373
2000
1396
1191
1593
1817
455
31
1048
1259
1343
325
215
572
1024
1144
652
207
937
947
755
1662
1585
210
1387
72
1391
1493
1911
1640
1916
1633
1663
676
1223
598
1088
427
1494
940
1559
934
30
328
514
1941
1962
708
1915
1910
1602
1636
1714
428
707
1274
228
1223
348
346
1113
1103
494
300
1360
324
982
303
1444
1041
204
727
267
230
1918
1695
225
1876
512
542
242
147
1078
897
334
1708
383
1382
1752
1210
1813
1932
1621
1014
146
1509
38
66
882
1090
236
1915
689
1723
1813
690
948
1990
887
137
84
606
1399
1584
587
1768
584
761
1638
86
883
328
1017
1264
1105
1387
262
1374
1119
150
533
1834
1897
1135
1120
897
151
157
1568
1094
858
766
808
611
1473
514
776
1936
1317
478
1481
921
589
1550
127
1977
845
825
990
1924
391
1688
316
726
821
128
1188
78
1798
965
1244
712
1755
50
1147
1083
589
1811
391
334
560
703
1444
1651
1860
777
90
1255
1184
580
592
699
652
931
1687
1651
677
1393
947
19
796
649
1489
1315
1687
539
269
836
1099
553
1058
608
270
514
1841
1179
373
870
722
1057
1291
139
1272
1461
393
1206
1709
1612
230
720
786
692
1319
127
1920
1952
1753
399
1481
218
1454
1353
1956
152
1377
142
1310
1140
1298
1576
1083
1757
169
642
82
1701
251
323
104
900
250
717
377
819
670
1842
310
1044
143
392
350
292
1511
524
1830
1402
906
1333
1872
1513
874
503
1687
26
1687
1194
734
419
384
1595
653
1153
1520
328
899
1033
1979
1838
1689
1563
1978
112
1105
579
954
1136
801
1602
1254
954
551
16
1999
893
1078
1700
89
850
1549
1682
1876
1989
950
577
275
1464
236
787
683
383
255
894
1782
662
911
1016
1142
1553
1391
409
1823
1032
1804
1672
1888
973
75
1136
1473
290
1781
1276
535
862
430
968
1378
606
1592
1824
942
423
604
1589
995
1792
1318
1111
66
1041
1212
1214
307
744
801
1083
59
9
160
881
1515
1059
555
1694
991
390
1139
562
649
1983
1317
492
1254
493
1024
1146
146
1722
1653
38
1534
379
245
753
1231
1647
224
511
981
1155
385
886
378
1721
1209
436
66
841
73
1339
1490
984
1034
1957
1111
800
1789
1212
353
1098
65
1094
34
811
1910
461
1317
932
471
963
412
1041
1013
739
1148
1236
26
674
396
268
415
376
513
1889
1838
541
92
746
228
200
782
619
765
502
128
1745
547
659
626
1558
655
297
1929
1927
453
1580
1552
735
1560
56
1777
554
1946
1029
1553
1861
647
56
1189
565
425
1485
912
1858
1844
1363
1327
1959
990
1192
585
227
326
147
1109
231
1373
1032
1190
714
1307
729
108
1461
302
1930
97
131
1876
1572
1522
667
682
1534
172
1693
1268
738
1732
979
352
89
519
1204
1367
1395
559
1572
1765
579
268
263
445
1181
1357
1731
526
1950
1559
238
739
1166
1450
438
1165
246
1481
871
948
594
576
1678
1027
1731
1509
1221
829
347
411
1503
397
1872
148
247
1963
1997
1146
1395
1414
126
1134
1200
438
1639
415
1022
1389
839
821
566
1111
185
730
449
850
1944
1909
1685
163
422
1251
30
96
355
1173
569
1434
662
606
1955
1248
437
1689
389
