128
3786
12274
18526
4677
774
15481
2979
13333
14467
11254
7248
11168
7874
15761
15692
18045
14993
15212
6164
15174
9619
241
19917
18699
10787
11350
14294
19565
7328
3353
6918
19827
1597
6400
14311
10843
17162
881
12818
19554
19468
590
8190
14627
6438
7942
8233
12549
6051
4194
1411
13923
14358
16528
10623
18032
11121
14698
10939
71
5230
6728
11853
4382
16614
4045
17638
9050
4530
18737
15865
383
14288
1970
19720
8867
4180
44
4693
16435
8000
11103
258
6582
14287
11860
18251
1421
11652
17118
3650
10936
11064
2635
4100
2160
1772
1788
3099
16888
8260
14017
12975
17508
9350
391
9460
4283
9407
11362
722
10706
17932
13335
1735
2530
7577
9697
15033
14875
5392
11690
18040
1668
7259
13149
18891
9555
9145
177
11533
17361
3730
5614
483
4688
14850
63
15724
14325
11733
3065
11559
1393
19593
4663
9504
9400
4273
5933
12561
10704
15539
15551
4919
17190
6706
9934
4098
18254
7545
17120
9808
11606
3974
12988
5502
1688
10442
18405
11034
12110
5921
7460
10899
10100
12074
11219
994
17647
5593
18498
1498
11697
18000
19977
4265
2555
16574
5705
6086
9399
14122
10369
2111
7205
14049
18634
5311
3504
16396
6499
16135
12330
18031
7826
14751
7690
7585
16198
14222
3303
4185
6439
3014
14636
6577
4503
5674
2877
3240
7208
12583
3438
2753
12014
17324
1412
5983
321
8913
1563
11705
5916
3978
7872
11010
906
14180
13036
14466
4817
1686
15477
19642
18741
7401
14337
7133
4445
7664
19918
7036
4158
13158
2832
17795
3710
8684
9962
7822
15702
14508
13520
4354
1
3214
5126
1256
8290
10801
3833
6868
10428
8449
8923
19688
18861
15275
1156
19878
15519
17999
12308
3497
5450
1777
15283
15901
14504
4585
1678
13748
540
13699
481
12654
7805
3892
19028
9035
13796
13361
993
537
3272
4621
13366
6398
6222
4211
14904
4400
7189
5843
18328
17102
17838
13287
8978
12230
5570
2285
1680
18617
1414
11498
18444
3985
1506
17141
1946
14009
13266
9350
10330
15411
7972
8402
10700
13187
11115
14167
1827
10213
7873
9962
7124
17134
10758
5960
15734
7048
18665
4337
2404
267
16637
8362
3760
9823
2234
2871
9740
18258
9494
12174
9968
11628
7689
12938
12109
12785
17243
14640
13050
6750
17625
7319
8088
6195
9761
17627
18189
10321
2267
12732
13527
7538
16129
13888
13012
17771
4834
18855
15931
9233
2092
7988
7627
7933
8420
1697
1780
1199
12194
3609
2083
10631
6461
6543
7106
12885
16103
14754
2006
4924
1076
1788
11549
9921
6842
11442
8479
1606
2156
13202
1376
2376
7329
17482
11802
9203
19341
5603
16828
19253
11686
3228
4222
19323
13697
5780
12762
9261
4161
5848
16037
1990
9093
8298
14291
5704
4939
18106
7894
15387
19701
8029
4427
9390
6486
14704
6261
17012
10042
16971
4867
3245
15588
5031
16524
476
19284
15811
16444
2625
16571
19661
2812
1371
2862
3250
127
7540
10821
1604
18357
6589
17350
19951
19621
17463
821
18048
17962
17174
10136
3730
17526
2886
13969
13018
12910
4155
7802
7769
5681
16961
15791
7565
3764
9419
2271
16605
4267
4536
12989
13353
11366
4175
7932
3068
16927
9198
206
16527
11153
4014
10209
11478
4526
18779
11320
6810
14762
13328
10985
13168
141
688
16445
19870
620
1852
10692
10428
8155
16361
18306
13820
7618
6469
6522
317
13556
18374
18749
8946
17436
19197
16993
19562
7976
11969
16559
9618
14434
5477
14053
8838
7888
18267
15086
15982
12462
17255
6639
18741
15051
289
9871
4833
1168
4222
13520
14337
2076
19457
12087
2200
11727
120
8643
4030
8924
13179
10451
14788
12071
18803
8393
3142
11810
6474
822
12088
3966
8233
17727
18901
19995
7035
1887
6959
19124
9575
4994
14544
6564
3975
11287
9874
14027
8501
11636
13848
6539
7713
10734
9938
15989
16277
7525
14529
8760
4913
16370
10274
7977
14231
5953
19225
238
17612
7676
11042
4212
3775
13356
17103
9352
8320
12098
16312
15378
18447
5478
18084
7243
15778
18048
9715
5596
6268
13897
10386
12014
4479
1088
663
7808
6471
8761
7921
5784
12639
15325
10707
18578
13204
6877
9698
18218
16955
4634
13802
13247
14126
7976
7637
10906
15859
19909
3044
19027
4381
4079
10977
1054
18492
221
3820
4556
2988
14208
2956
13586
2341
7652
17484
13870
5956
11730
7285
4190
1225
5879
14623
3886
840
13540
19139
10389
8651
3981
7222
5063
18976
18293
14620
16650
2131
0
19840
15218
16651
2461
13551
15771
7241
12989
16131
12964
15611
2787
9176
8446
15252
2516
5487
19695
5833
9658
14043
18272
10048
9259
9029
8268
2797
14608
13179
17976
472
6458
17519
1069
4592
17309
2815
15759
12239
12408
11705
10023
11887
16468
17950
8320
14969
12104
7030
17445
5817
15770
6603
11028
10165
15378
13705
13086
11283
14676
18552
19673
15606
19321
3832
6494
12230
8413
10337
2989
15949
10606
514
12981
348
9760
7732
4302
7029
4308
3842
4347
12982
6664
10334
13849
19934
18791
5939
8590
9538
3220
7373
18039
15393
9774
9843
2379
5853
2893
1773
5264
1294
18565
1174
9272
13608
18678
12995
1891
10826
13035
17235
3347
9317
16431
15712
10821
306
9485
18115
8542
644
5783
9798
2771
1519
2705
16472
12846
19721
1976
15764
13321
6630
2513
5554
6333
17183
18351
17316
4437
16475
16686
175
19026
4686
16184
204
17312
9050
9233
10543
17966
9850
3817
14650
479
11388
5240
12005
11765
8129
10937
12581
3249
10049
10048
15764
4037
8811
15715
9363
17580
13632
12140
3977
15184
12027
15674
17347
17803
13367
18540
10430
15785
18852
437
6875
10344
6675
12222
7372
4995
8403
18037
16266
12474
16321
15616
17401
10660
19409
3374
6944
19202
5958
17136
4136
9686
1598
13219
18497
9382
13814
4743
2701
11627
16979
5115
3493
4810
4595
16204
5830
3205
17919
10307
2843
11096
8597
6538
10892
12488
11704
6853
18401
5062
12345
8808
5255
2217
6711
2501
6365
18873
14262
13666
7147
11598
2044
2271
10122
4582
5608
10988
9119
13845
13568
17317
1173
18134
10920
1375
3685
18139
17715
19685
15775
2616
7395
1348
1354
5888
5966
4948
6360
13932
17543
18579
6004
2127
5411
19737
8721
17117
2177
3916
5943
13364
17744
4106
17370
13961
1241
4710
12771
1143
6116
583
3290
5645
13037
8971
7149
17639
5698
14371
17096
13982
3034
12898
18191
19837
19092
16087
16662
18711
2743
14860
3144
10725
9375
11706
12205
9799
19870
2052
19373
7494
3834
10365
1220
9628
10837
17578
10870
2392
11223
17666
17639
12244
10639
15121
19799
9125
19679
8241
19032
2417
14047
1724
12574
5332
15097
14259
17160
15482
2646
19020
19241
9467
1767
15290
9235
7136
6142
10907
8842
8096
14504
19471
17372
8886
5964
18571
7347
7589
15001
9830
15961
2360
815
7647
13419
6069
10495
14732
11988
10246
4875
19263
9280
6978
18000
19736
789
19699
3966
1219
12433
13361
4040
12404
14377
16867
16114
7708
17229
11307
12937
7745
2975
18415
8286
1110
5916
6573
17056
6267
18861
3006
7148
17749
7009
14201
10069
7010
3913
4654
16432
10265
2916
2191
3463
8223
10480
4547
9445
3639
16070
5809
11915
1857
14436
6377
6185
56
11989
8653
11996
3101
9335
867
11147
4550
3974
966
2054
2452
907
91
1640
3015
12483
15102
14659
12761
6400
1399
6317
8419
6515
12302
3931
6051
18109
2626
16578
7258
19000
9501
17087
7494
921
5765
13462
18742
15774
10188
591
14882
7586
6847
13582
15359
17261
3468
3104
14532
15433
9582
18959
19555
10006
14408
4189
10466
5465
18546
3076
4863
5154
1585
8609
9419
6822
1205
12678
8342
5781
16191
12918
17785
12484
3633
12199
11997
15339
10731
8079
17453
11505
7723
7819
8023
15366
10040
16886
11392
15698
17157
1096
13274
6036
17810
5552
16042
11075
13919
17452
15250
6240
17057
18606
2636
7488
13202
19538
2353
523
18828
18196
8494
768
10041
6449
3376
7910
19226
5717
19575
8090
3044
1679
7484
14413
13367
315
15045
6986
7679
19748
5137
18569
9906
6168
11602
14750
3186
7240
15885
18042
14247
2326
4818
7122
9373
12670
19611
3099
3519
15143
16427
10832
18619
18418
17563
6517
9583
8200
9812
4223
17188
1605
15604
11862
6250
18674
54
8798
1201
12176
2338
14541
9247
15769
19328
8399
6936
5409
10056
19939
10783
17155
5539
2021
7346
3597
11726
11658
12492
1966
11063
8023
7728
2390
9962
16259
4319
8537
5257
1038
18228
2029
19072
10509
28
9774
14072
14812
8968
4193
5415
4737
15885
2058
128
10538
2501
19578
11235
15840
7483
7805
17725
17909
4889
2353
18401
17698
6723
19205
12091
7371
17440
15289
15978
18875
3560
10178
16575
11626
2146
5434
1067
10543
9662
7926
6787
13284
12351
3343
18445
19990
11410
16468
19500
5551
11064
14902
14296
13437
17686
1755
15593
14751
8058
3490
4092
899
4906
6745
12612
1883
1766
1963
11426
16541
11417
13725
3870
12039
2343
17706
11584
648
2129
13162
18585
7733
17761
3839
4760
17935
3100
2611
11940
18715
8757
15866
3137
17089
9747
14599
10532
4345
14293
2974
16260
11160
19497
11458
3352
2710
7115
7997
18535
945
1891
271
7093
7781
6344
348
14320
3364
12671
12909
7924
4846
2461
14104
11469
17963
18806
6309
3227
13624
5614
3362
1213
14555
6747
3429
5567
9751
11882
194
9382
18436
9334
15265
16297
18191
3181
479
2433
9950
17468
15923
6102
4242
2676
9198
3516
18940
12112
12219
8330
6533
8798
253
8925
19596
11050
113
867
13735
17660
14360
15517
10150
5109
9027
12318
17284
14400
13411
284
2748
8385
19497
2389
18966
6126
6959
10379
15923
7538
5375
5462
729
6452
11243
14809
19396
840
18827
6799
16114
12197
11022
9447
10033
17332
873
19148
19738
1213
19640
329
15223
518
17762
19612
12154
1612
2923
11923
15786
10508
2791
115
4994
9512
7385
5864
16815
11765
131
8984
12417
9516
888
8941
16031
4257
15450
19616
4494
8836
5383
774
11997
7745
1889
11255
9160
1107
8000
4264
13150
4271
6133
13324
17020
12999
11978
7257
1005
11598
16352
43
5538
8882
140
7783
13662
18884
1050
10314
6422
14329
19037
1259
12038
14287
9382
10554
12337
6005
18383
11777
14469
4240
7137
4888
2460
2783
18847
9974
14676
8729
16527
10013
9897
333
7036
9837
9671
19257
11357
8925
2306
11847
3684
18432
9770
9543
2553
12354
19313
7000
18580
3287
9678
12721
15650
11351
16803
10017
9515
1909
11156
18491
11943
17253
2772
8756
15132
464
14663
14256
20000
5559
5310
3705
16517
9474
14727
11881
9871
19975
4075
7863
17885
18512
15474
6715
4236
6263
4320
16874
19255
18591
9931
14187
4619
19707
11376
10588
9805
5151
17943
7616
19095
4696
2252
7572
8215
15497
5194
14807
18446
897
9081
5602
13560
14904
15941
1759
5144
9080
8931
2448
12872
19092
19660
18126
10159
9135
11819
16166
19160
951
12568
458
8276
9151
1954
11773
17554
8830
2483
13678
13286
12002
15282
9871
171
1669
7643
11134
8773
692
4258
10365
18202
6776
7231
5662
17038
8491
5449
2970
10242
2546
8115
4518
5388
15137
14494
7771
12769
825
15769
16854
4016
12125
13655
9170
11702
19565
18443
14818
13529
10184
13811
15362
10701
18453
8423
16802
4814
12426
13272
17631
8310
12056
7282
8513
12494
16944
18428
3892
11195
13663
8954
11478
7060
3951
7762
4916
8566
12813
1438
6346
15792
15151
12479
12410
13103
4562
1760
18333
9601
11112
13290
17207
5607
5211
579
6600
1774
8493
1854
19589
125
9150
14285
143
11508
4050
4417
15338
3939
17600
14625
8739
15872
7918
14063
6085
19377
7772
19271
1069
14775
17082
7675
4605
12817
2201
1476
5926
1908
10787
1508
2135
2788
5881
12079
16594
3545
16348
5587
14285
10552
815
15414
17504
16629
5613
12696
2673
5811
6377
9816
5109
11448
16801
13508
18913
3961
9722
17670
5004
12651
10563
15308
5528
6501
3298
5597
6747
19536
9162
11930
6141
9050
5487
19797
9725
7631
6403
7726
1575
14969
14297
7862
17189
12878
10459
4343
16205
7595
13536
17858
2420
16864
8409
13192
11849
5453
19487
10415
9280
3840
755
18027
6833
19630
33
18719
9160
5470
1781
5730
15583
14735
4820
4533
19117
1018
9416
17924
11656
14448
6799
8018
12471
10656
5997
13669
1387
11245
5708
17093
2425
686
8176
14673
1783
14757
5268
6134
12749
19620
16466
6018
3311
7311
4315
19523
9145
11658
16815
1648
15299
14008
11619
19869
1015
1718
17466
12008
17864
16816
14188
8382
3356
1820
2981
215
19975
16133
13075
12154
15741
13137
18961
2102
8039
4600
10710
15349
1850
4816
16673
7930
18824
11519
7104
14578
3843
5558
5861
10099
9126
16685
17103
13198
4589
2169
1214
16997
18641
17138
6224
4090
10743
13130
14527
19081
19314
8682
5094
5715
1501
15095
6816
15871
9503
14641
13884
4333
2160
15098
11389
9685
4611
18082
7534
10027
18451
15872
5244
3372
9942
5498
10246
9134
1648
2088
5761
3552
12619
3694
8577
10824
19396
8105
12118
16633
8969
18055
18124
4401
4793
10345
6339
4946
18642
45
15190
2065
2260
930
13116
5097
18041
12348
6272
8503
1049
2360
12790
17074
2774
19026
9146
5302
9837
10123
5562
6528
4840
8623
3521
8575
7770
1423
6983
17708
13569
4165
8743
9586
1760
14932
18151
1854
12976
3813
14013
7378
6038
3082
1368
8249
19315
4264
3436
6185
4093
3412
3174
17721
2504
7527
12312
19230
5969
11908
1411
14469
5518
11432
17902
15166
2412
6870
16691
16346
3821
8599
13191
15720
8804
7584
8230
15956
18188
18734
2914
3843
18292
5862
11595
16553
17584
2456
4834
18522
8186
2404
17368
12816
15046
7557
4210
19887
8967
17980
5022
3817
14816
2598
17169
9914
4682
2100
12227
3168
12599
11277
9688
19746
11562
3960
14052
16593
5521
8585
18970
3357
17500
8396
10618
10636
14722
6631
7917
17925
19406
13728
16388
13313
15590
2810
13654
8119
6424
2348
3155
16811
13939
1451
8391
19226
6776
3028
6493
10828
14619
4559
435
953
3568
3998
12159
2792
15642
10296
5602
5607
8248
5040
9775
11489
3217
7724
5181
4773
12363
15787
7110
16005
5046
6509
3010
17837
5944
16361
8857
14156
17386
11929
14201
4340
8844
14991
6104
8431
1293
1690
18033
18291
17520
15588
18080
5161
8105
17717
15942
3053
19838
9125
3776
1975
13444
11108
10098
9277
19874
9585
11814
16625
10139
8406
5537
988
8112
14155
6900
9990
64
19103
19761
16226
10417
8589
3780
3115
3726
10008
5565
737
1071
11158
917
16199
14854
9100
15913
834
13319
767
12709
1770
9751
16747
2349
12089
19003
13655
12759
1613
570
18304
4755
5155
10037
19322
5802
6872
15660
7761
9001
14839
13370
5419
6837
10467
17222
18239
1116
3953
19178
17392
14315
15647
8646
6465
12962
1243
6631
4635
2254
15523
301
363
6456
3005
4526
792
10614
6093
15608
17754
11618
1551
16340
5792
90
18198
9798
5616
5547
9303
13995
17276
9279
14316
16426
4971
16491
5283
19712
13209
10405
12265
4871
18073
16326
6159
17208
12183
14786
4791
3121
696
10808
1227
17236
8248
12318
7038
2844
9204
8073
12619
1047
9684
13081
7673
15960
3553
10177
5388
8399
1076
904
1702
5087
4110
14820
9896
11669
12496
11580
12954
17038
17816
2686
16934
18166
18451
14579
7850
19707
16783
13817
13458
9250
5438
10288
4604
1862
7966
10634
5371
11608
3208
14519
5025
12664
13495
14885
3906
2374
19450
15119
7437
1741
16300
15202
3987
19881
8681
8587
15753
4792
5858
3281
6680
15471
7114
3211
19409
3597
5922
5344
9494
17453
14125
18803
5726
8447
17989
7479
4800
17542
4399
65
3557
13076
4044
123
13670
3132
17360
129
7066
12707
17906
3537
14312
18006
6633
16939
18080
12417
4504
9530
10086
14556
3148
15939
12883
9467
14440
14084
19961
6936
19049
5958
5357
8432
5752
3984
7304
11242
2643
13635
11777
4785
8760
3738
6076
18735
6562
13676
19571
17765
1708
18108
9393
12207
10998
14315
10895
9862
9696
11404
2399
17877
10856
19854
6376
6111
10459
7459
9189
18380
4643
604
5641
4437
15056
1337
1770
7772
15955
10265
19001
5153
59
14038
12498
9954
19948
4026
2938
1605
19662
752
6991
2613
8414
9473
6878
19277
19773
5750
15298
16208
6148
5144
10223
12185
12016
10006
15830
18004
1573
9052
8918
16078
7369
10392
16338
15558
16730
18784
4911
10697
6348
13133
15060
12422
12226
14269
18571
8131
7499
10839
19087
7718
17137
3320
6884
12247
1572
15952
10062
12854
6168
16996
970
19864
3698
647
1780
12273
2502
17015
14106
10714
13678
16958
10646
13367
7313
5889
18095
6220
1398
1013
9376
11765
5741
10800
8431
1676
4257
7093
8967
3124
12052
19746
18971
836
15259
7019
13914
16862
2637
3299
5476
12529
19220
8431
920
8710
15411
4898
9889
16608
5819
9470
5465
5136
7766
6738
9028
11435
14685
17276
14900
3572
11757
4341
13041
10457
4495
7115
10222
12585
14516
10834
4804
19628
11295
360
11143
14316
6653
14545
18616
19845
2737
7163
17427
3352
3103
18003
15909
14325
11064
18589
19048
14126
8703
3064
2215
18057
6667
2160
6461
12018
10528
18798
79
5209
4936
1432
7885
8069
3266
16420
10186
4815
17449
4829
6234
19919
5985
13089
9007
19380
9384
4947
16934
17420
19997
7610
1561
12601
5550
1050
11914
16330
14564
2967
13200
14976
7981
19387
17670
16100
4724
18340
16352
17613
9443
4316
17705
14902
14474
17342
10862
6652
1821
7833
2589
9339
18073
10623
17509
19919
11857
756
817
7573
17389
18108
13526
13171
11376
6942
3065
788
1362
3990
4435
1183
7605
19350
13511
8252
10762
17203
8840
1013
16970
8040
4957
16424
34
7054
17146
725
18376
16712
17931
19497
9289
7111
4255
3341
1010
17043
18238
7364
17996
7871
6494
10012
19225
9587
17915
11541
1543
14162
12166
19120
3307
12333
12151
15437
6656
9105
17708
19705
10899
13931
7139
13399
19046
19038
9732
2395
18688
9215
4368
2577
1911
18368
13177
8677
17024
17266
10812
527
14444
1923
5683
5579
4570
13760
16345
17762
16297
2626
16361
14073
3493
599
16455
8656
4590
12505
15145
17978
8307
4423
17776
16391
13595
7846
8671
16423
5523
5248
5093
7387
10555
9780
3536
19025
14955
16457
6688
15143
18382
5116
8587
11536
5639
1842
14464
11425
4663
12384
1487
6261
4332
14834
5456
7336
6822
17421
19127
9684
14647
10930
15442
7746
1684
17301
4282
4776
4417
15012
16704
15940
13152
6585
9849
9115
9457
15493
3556
7839
6960
3642
8490
19800
8909
17742
13732
1998
11144
873
1829
3785
13876
2736
7591
4931
15001
10180
11654
11712
3564
4098
6377
12548
7278
18966
18156
6520
14559
11179
6899
6962
14184
19554
14401
13955
2890
13057
4837
14033
10844
4333
16086
17170
1076
72
16466
13163
3405
15619
8007
1648
3139
5868
9508
13006
10587
12242
8960
16232
18794
2876
15006
19539
1455
15715
9351
3468
9817
15517
2037
7594
18167
14947
5284
19831
12253
6521
6139
12318
11216
822
2827
7037
2329
15686
13537
9172
18513
10087
14659
10947
19533
3340
10643
14666
18509
9752
6240
10014
4042
4718
13439
15037
15671
7214
19894
15066
6969
1775
19183
6082
12862
11754
12747
11891
1478
15618
5193
5062
14899
4412
10357
17984
8076
13297
2754
15762
1910
19227
2579
611
2229
15906
9246
18972
15211
12053
5446
7045
17578
10687
16791
8233
4259
9731
4084
1965
3936
7475
6261
12157
5234
17251
14558
9722
11017
14025
3380
14597
14810
2114
15971
10679
2669
2710
17775
3725
1895
3159
2085
5987
11451
17447
3288
16773
19675
8623
3011
5356
11742
9914
9602
8595
10601
17275
18645
721
17409
15856
2278
13658
9435
846
1628
6342
4983
7241
4976
867
10151
13194
7289
10461
7967
281
234
8099
7833
5508
10426
8434
6839
19600
3996
8405
12908
2391
11300
1944
13760
5282
10895
3330
3055
1110
7221
13549
5072
16078
2092
19328
8132
5639
9525
10931
16905
3627
7291
7568
5448
16127
7674
2339
1159
19593
3812
17607
2523
7668
1163
890
2089
19090
18624
14240
15532
17898
8970
12733
17209
5853
2217
9554
17648
1220
19767
9669
19187
13680
15249
7132
9497
11207
470
13577
8706
8229
2866
17212
12281
15799
17131
5662
14854
16629
17429
16095
13583
1195
6031
12405
9502
18547
9617
15986
18643
14521
4750
16226
16548
5772
8105
9855
7986
3787
16507
6886
9890
7087
18193
4379
8471
12492
9732
8824
15493
8604
11708
4942
15900
11451
7071
3047
13647
13331
3987
10381
4842
18153
6869
13501
7212
18363
19672
13461
15397
544
19112
13772
14380
1997
16319
19016
18608
14459
12606
19072
14508
12595
13646
15989
538
1338
15798
2211
1359
2853
751
6501
18893
10337
3602
14880
4721
12621
14353
13550
16097
12650
11473
6345
12530
5136
14636
17773
1074
1184
7794
13543
16575
1867
16737
6777
18882
2709
5761
19517
17560
4850
8058
3087
19574
17498
1428
1324
11427
16701
7796
4076
2358
11033
6103
9374
19716
18958
4045
647
12231
16244
4775
19984
12203
6618
1088
14252
8495
12393
15324
9858
13618
14674
15019
9233
9374
620
17887
17646
1492
18982
15527
1522
10855
3771
3738
2907
13074
12756
2823
12045
6607
12798
592
3902
7454
8128
2480
18826
18188
464
19219
9069
8313
12074
3401
18743
5101
18925
13304
16080
12927
4569
16961
13660
6449
9556
6037
15946
13197
2541
15283
2595
6385
16794
943
12116
8850
4830
17264
1826
14120
9019
17850
10607
17900
19975
15140
4144
530
1287
17715
3085
563
495
18004
7868
9085
8508
16990
17514
11881
15380
11468
9044
4737
5224
8411
9238
1115
10749
2327
15668
6706
19360
5555
16784
13050
5964
5381
19412
3321
9479
8500
16837
12121
16882
14930
7863
187
14382
9068
6795
16646
1990
6133
7719
2156
234
11261
18600
17794
17499
4954
19082
6195
4753
6695
1972
12037
12490
19610
14394
19261
10171
13882
6292
17247
4961
11071
8846
8535
1164
17813
18467
9546
18394
6365
4737
18750
2971
13939
10454
15300
5980
14356
1569
7861
5077
12966
19498
16646
10072
2126
9709
11013
7502
7005
11323
6485
18709
17531
19468
12358
8995
1857
9817
9889
12190
7498
9380
10349
19261
17880
4137
16477
16713
7484
9881
16981
10121
14704
19530
13847
3938
15162
16204
3271
374
12438
2234
11909
15888
7049
251
5690
165
8132
9899
14362
18510
5708
15
5695
1454
7681
9968
910
9727
4910
9624
13275
6790
15258
4423
6935
16244
15113
4970
8715
3413
17075
17258
15313
6383
7815
13118
2799
18603
19707
7201
7773
7272
19791
19571
14684
2907
9036
13397
6164
9437
4692
17725
3250
2091
974
6019
8461
17564
8026
10063
1316
9058
14214
1305
11282
4084
4924
15946
11874
14010
4314
1094
17774
14091
19341
14547
2033
7313
18805
3477
3512
6237
11281
2195
10816
8941
11924
15698
17369
1054
10469
14683
11664
370
8232
4253
12896
17538
6870
6220
4415
7535
18588
561
7705
6774
12080
8262
3044
5119
7502
2245
17527
19171
2451
13538
11279
953
2432
17617
3481
9397
7134
4122
11729
691
19459
4714
11215
6826
15564
18610
6579
10116
550
7586
16944
7447
19382
12846
14990
19563
6759
9599
5533
17175
18730
17697
10247
13870
8981
13776
723
546
16390
8219
2209
4086
17318
4293
1833
6997
5630
15337
18161
16064
3735
3493
11927
4119
11585
6281
12971
6558
13526
15264
3733
10394
6518
17014
4697
9902
19970
7644
4727
19614
17610
1
7494
6439
10531
9872
3062
8155
6563
8998
2749
16304
7162
4154
5224
10756
1654
18574
676
421
9359
2982
14649
17142
15637
7186
7786
11837
4103
12203
2952
541
2623
2488
14604
16122
10914
18658
19143
3425
19911
7794
14803
17397
15958
15418
16990
16678
15354
16962
19304
10497
2805
9099
16374
17116
19969
6146
10359
18125
16353
16406
18853
16097
17048
15930
1180
3160
10482
19596
7874
6481
5222
1856
9203
16911
10528
8143
13225
15071
7487
10044
5808
4056
3406
8219
18537
10886
19408
13855
13926
3691
11226
16965
7606
17642
12057
15183
1026
3767
8389
7253
18236
8680
7610
12725
6738
8314
4425
3679
5843
10982
5428
10538
3624
11404
10494
10786
19806
15394
11073
17221
15405
2888
8011
4047
13695
6567
4119
9588
8548
4902
1874
6968
12477
14082
10781
14210
3602
8376
12482
6999
17354
3232
4187
17785
236
2925
7547
264
3982
10223
12635
3627
14519
10951
1860
2750
14481
17764
16914
8538
11976
6321
16803
1813
8757
19398
16501
7371
14078
7325
14504
1677
10636
9874
12625
8197
4156
14484
17228
365
14928
8634
12022
11563
17619
7639
5544
16237
19630
3571
8974
19493
15906
9135
9881
13120
9857
6645
10503
5712
17979
6827
14270
2077
4154
17918
8778
11179
13204
878
3143
3581
1253
18208
13477
5000
18607
5306
18527
13806
10360
17981
1230
6469
10863
13532
18759
11549
18867
3682
2704
6648
15891
2156
4088
7002
18953
8593
19167
15758
2574
317
12592
19298
16505
10552
7462
9910
9341
12797
5807
19443
12960
16388
9250
7795
14537
9275
19398
18053
10848
15462
14999
19684
14934
13552
928
9514
19686
19413
18598
18085
6232
6259
2728
13452
17397
5741
2111
7784
12830
11597
4361
17386
1669
14047
12058
9145
15711
2616
1705
1556
1121
18097
13743
11359
14647
3392
9632
14287
11355
16954
4158
11304
14892
2236
15679
19615
8384
8813
837
3059
7560
14080
16115
7552
6334
11120
9468
18821
16137
15814
7046
3772
342
1987
5496
7014
17663
18111
17040
5086
15047
18056
16478
1105
9660
7940
18181
4641
8469
610
4902
7332
10649
10152
17670
5481
5107
3503
1745
5715
15308
5109
1033
1256
2100
4179
9271
11042
16216
19672
8329
11177
2523
14627
482
18631
5286
12011
4806
7674
3609
14087
2235
6469
11151
7005
8139
19150
6002
6697
6172
7471
16803
214
13335
15006
10522
16899
19004
3030
18588
10782
15522
4208
18959
19689
6505
9000
7404
15630
17640
12409
13928
8443
17230
4165
7737
3193
10165
11547
2598
9213
17543
13232
8704
12848
6467
11022
17807
7147
3982
4693
5160
11446
8494
11021
14346
7070
15487
5125
13865
1538
17041
14439
12518
2363
14665
11264
7254
15652
18577
6813
9262
1925
19801
11207
14546
8873
2488
10306
19030
17334
18291
313
7438
15125
10981
14012
2219
18971
5938
16821
17916
3182
6826
14110
7496
5473
19885
2492
7066
5243
18016
6848
10646
8510
2395
11040
12667
12460
3794
9334
9429
16138
16635
14266
13271
7094
2121
17468
9975
230
12271
2418
12429
6124
14655
17460
14213
12074
9098
13948
10230
8388
1922
18927
19513
11804
9976
17068
17232
18960
1185
4598
14919
7315
10238
7064
3509
12379
16570
16690
7129
3095
10507
16914
19903
15705
5002
19850
11245
1277
1434
19879
5106
19618
497
10617
4216
9632
7850
8861
10622
14375
16942
8488
14151
7729
5471
12741
15720
942
16280
2289
2438
6286
3350
560
15476
19541
14920
1870
8204
9079
16286
16469
2855
6699
4554
1821
16470
4451
3509
11959
6151
5375
6784
15238
10393
12396
10909
4289
5770
16423
19063
2439
10398
3253
8238
4956
7901
19953
17145
4258
16501
16920
16367
9434
15792
10236
12350
14108
11243
17828
3043
81
15358
2513
18178
17912
2119
12490
13173
18915
13458
10713
3075
11889
17411
12922
1935
15758
13091
8877
16309
3426
18602
169
15377
2195
10504
15012
7784
4546
13807
455
10904
9236
15614
11382
18548
14239
9811
18505
12777
10075
19022
1710
2777
1298
10742
7033
7146
9579
15368
4348
9156
18509
18527
15358
15812
4881
18367
11060
13610
12199
610
14784
13469
11570
2609
10292
13061
19115
6989
11655
2414
4288
9614
13333
5252
7844
12106
16798
9119
5577
11714
17605
10464
13039
10607
15164
4520
18962
15141
7981
19704
3501
2230
12533
12629
18396
17885
9507
4562
2964
10300
14858
13514
14799
11109
3644
2652
14705
5661
13156
2852
81
3837
13348
2972
16577
6949
10367
8477
19221
13871
13020
7543
18017
10124
13896
11942
10705
1346
4443
19537
7510
5878
4887
13255
14564
2113
6856
17705
6463
5697
4081
4371
19181
5279
14039
14824
13956
14517
18899
19301
11304
2456
14555
13139
14833
3928
3722
10526
15722
3589
5957
11937
18845
10131
6863
6479
9194
12368
8760
19654
13764
6206
10355
12904
3354
6381
15501
13257
8622
15074
3911
12754
15822
17709
7461
5007
8819
11830
1528
9880
9544
15600
9518
11036
17278
2702
11492
17212
11998
15526
8611
11263
16835
6825
15789
524
15796
29
16634
14531
7892
15920
1618
4359
8865
17081
3014
18855
7025
2178
11997
3906
2499
13319
6076
19074
12833
6215
17189
12547
1201
15714
18934
11565
14456
8147
18081
9026
9783
16327
8362
19522
1203
4961
11534
12130
14896
15077
10485
8548
450
395
6190
14934
16110
7049
16543
12217
4327
11022
6870
19461
19658
12011
26
6859
15068
16117
8214
5699
2825
899
7040
180
11426
7794
67
6143
19352
7565
11602
17389
9353
15246
17199
7403
2127
4666
19134
14380
12190
16418
9694
10810
12978
5145
92
8657
14928
14264
14044
5914
1859
18094
11938
17948
19293
2921
12552
17996
1107
16360
1717
15084
5837
11209
8123
18747
7275
8740
1654
12036
8364
2115
13108
11807
9906
18054
12090
18620
12369
14125
1915
2883
4052
13542
1639
14975
8067
11732
3802
16858
9250
1509
5844
150
11879
12855
1346
18638
6160
8555
18342
8020
13610
12276
3627
17106
3364
9079
19729
14357
4446
6410
118
12413
7347
12722
12364
5206
14593
4671
17672
13089
6756
19992
14099
17978
7063
4965
11060
13219
12593
9943
19942
10966
10281
11561
5052
11719
2437
17206
17454
14247
9390
19522
5245
16718
1279
933
2735
10735
8166
7012
2550
2136
14729
1139
16608
13917
10151
14800
18891
687
4626
11586
7816
3458
7598
11551
12211
10011
11745
11126
8356
17370
4853
13119
6864
5978
8135
19937
18853
11045
17576
16813
17987
13741
2050
5321
10550
4698
10567
6619
10711
10478
19204
19091
11741
6009
1158
5149
19098
5004
11962
14224
14066
3245
5314
3760
17567
8435
18564
13485
17000
11363
19449
15716
88
12225
18691
6212
18964
6003
549
3116
14464
2281
3343
552
5752
6663
1763
2826
14415
5091
16359
4478
10550
200
3798
4385
16491
13934
10155
8513
14296
4660
5669
9856
6125
8228
15996
16372
12711
14377
15515
18568
4857
4201
14918
2077
6604
15891
16530
17904
7961
13562
17552
5713
14535
14630
11375
3069
4965
6337
18638
11496
4592
6671
1585
11132
7428
16121
12139
16088
752
9559
10202
16460
4358
509
18720
18552
11026
1063
3678
18114
9197
11322
8723
3808
344
14317
1417
6433
11927
4656
4568
11246
17937
209
18710
5068
4163
18361
16553
11212
744
13853
7888
17864
2117
7406
17636
12418
15925
3346
2175
4536
13713
14395
19006
2711
5518
11174
7162
10747
19085
16731
7247
5390
16698
12848
7821
11779
7673
10920
8227
18630
2114
15102
5795
10318
14435
6438
9692
18043
19821
15600
17476
14412
12878
4992
14373
6059
4700
6382
17813
16229
2415
11963
304
19910
13497
5364
4857
8860
11969
1394
3564
13992
8027
19486
15309
6351
8043
5798
5297
7449
1158
9598
14903
10459
9071
5393
5324
14567
14907
13413
17590
15478
10215
3520
8804
16720
8836
8491
1421
15588
18675
6911
956
10408
18250
10513
534
11425
4834
8175
16904
16167
18206
14147
7728
2377
996
16501
7494
7594
14317
7097
9534
11385
6575
2570
5911
14304
2646
17801
5380
2730
4137
3258
16061
18718
10390
5231
5561
18725
16666
5990
11871
2766
13567
2570
12606
1758
10091
13917
3433
1449
9109
4684
2444
1713
11925
17697
1928
9440
16084
18304
16170
12797
3990
6651
5224
11157
15691
2374
8208
17517
4165
18594
11997
5564
18818
16449
6223
2449
6250
19918
1769
16353
7256
4404
7961
16284
8795
11841
19533
17710
18453
2557
3572
1532
16577
13844
16556
10687
15351
4563
1963
4142
7855
10259
14828
3808
9541
16
4724
11852
248
1644
19738
11519
11520
3540
226
11222
13796
2539
4182
10966
12592
17602
2509
10364
6506
1324
5204
1006
4526
17814
19382
17369
4242
18720
16687
11806
214
18085
5148
16898
2755
19538
10964
18258
17162
669
14057
19525
15530
5195
12533
11318
8453
19783
16952
4516
1977
441
16815
8689
15638
9421
11777
10079
19732
19607
16630
13681
1932
14548
4845
11305
18455
19521
698
12180
1252
10015
18716
884
4148
4377
9076
1118
12073
11723
3818
19971
10114
15891
17058
3492
4196
12527
5639
6963
18127
18774
317
1012
5326
3065
10089
14059
6110
15469
17601
9019
16668
7900
18029
5475
7124
19560
10907
6638
14014
8249
12381
18626
11633
5729
12901
6965
18662
2846
15760
12064
5716
15481
7952
2720
9763
17868
7439
2277
9605
1505
10586
2500
17946
16040
11307
2486
6502
8121
1188
9225
5532
10322
8526
4699
1548
15203
2111
1344
1096
19633
17779
18335
2036
16341
5855
8603
6562
16066
9498
7170
286
15236
14749
16958
19685
1902
9252
7875
13327
3550
7650
9775
16407
1426
17989
10485
16471
4950
6959
3890
7180
97
18538
16610
14836
3603
569
11630
5137
11666
17031
3433
5125
4543
4330
5812
9978
497
6811
9513
13334
6265
14391
3355
16032
1426
78
9881
14238
9668
13341
4157
5088
18202
18393
837
10298
5817
12522
6055
3782
4292
12439
13558
13541
6985
12732
5550
10523
14802
900
14978
2178
18640
5868
13560
16099
4090
14365
16095
5457
1796
6281
18290
9170
15610
15709
6952
444
8411
2918
14060
11065
11398
10464
19054
11081
6498
11762
9684
7392
7789
1612
11742
16293
11527
15546
561
15191
15762
11649
15534
6347
15557
9366
5302
8575
12
5362
9857
480
15579
9520
9167
9356
12623
16124
9820
3311
15668
17314
7154
2649
1993
16972
19023
12776
6809
6042
3954
2479
18101
18291
9763
19119
4754
4627
15046
8806
10815
3290
2355
18883
3087
17526
14232
9632
6541
14717
17086
15408
12341
15006
3836
2791
6580
18719
6718
8536
11982
13292
15087
2123
8124
2610
6495
1719
17420
2742
18292
7209
13769
4581
6201
8191
6223
14353
2243
1296
2041
14878
11465
11244
4691
4110
1624
14413
11823
14656
14159
8135
11104
4735
16767
11278
17814
5451
17238
9943
15753
19381
19344
1152
15941
13583
4774
8728
19912
388
5302
6239
2229
19298
3109
1229
13605
689
17504
10255
10333
6037
4685
1781
3184
8263
12630
16840
2204
1661
16917
13327
19172
19070
1210
18310
8582
11373
4665
17275
436
7958
3858
11871
12153
12983
6174
14490
1368
14807
9962
15634
2184
16063
8184
2356
16457
2487
11036
15177
7267
2908
12579
8992
13927
11124
17094
19076
6065
11646
7844
7877
12084
6755
2508
15019
8455
1291
11051
7394
1886
19820
9988
6313
9912
18922
15941
19559
13489
763
1768
148
13568
16203
1705
3748
6173
4324
4774
14937
5862
644
14132
8050
19399
10881
15525
8331
9142
403
6735
897
2692
10785
13904
5687
2906
11257
80
13962
17505
15320
5663
3858
3425
11184
13379
15726
13763
10064
17916
1244
7823
10225
7482
7701
709
4434
8314
15223
14522
14802
13435
16809
18634
4920
11335
12963
9451
19890
11822
2797
17574
18681
512
10128
5709
17444
10476
19634
15060
11326
13737
8116
17871
12250
345
2589
6266
13906
14943
2299
15472
5681
3411
13991
6011
3008
4309
18770
9229
6367
16852
614
1655
2178
6663
10262
4960
6366
16439
6808
5044
2507
14501
7172
18253
5240
12810
11202
16248
12346
4451
2880
8586
18335
15616
4415
10503
1910
10689
11089
7439
10032
1361
261
8080
12024
1142
9757
9028
19717
10106
897
15222
8471
7919
13994
2266
11881
1220
4142
8317
14467
9689
19304
11188
13796
4097
8351
2939
19052
15550
10458
15047
3311
7560
12486
19200
13476
9425
1627
2912
1132
954
5824
3746
19573
15451
14749
10813
6515
11255
3289
17743
4662
14228
19065
2844
1719
19780
19039
12038
1909
6234
6531
3280
8004
8831
18172
10703
16969
2372
1219
8973
17911
5164
9752
10628
11163
13748
8201
2804
16812
3519
9429
19000
15226
15535
5252
13453
18976
788
16362
9157
18391
17627
5946
7159
16548
7966
10740
13847
8494
4895
17688
6122
3753
15323
15585
1622
5483
1838
5143
11075
5811
5430
17508
4769
3217
4679
1583
16418
4332
16860
7734
14181
5320
2753
1048
652
7255
6870
1280
470
15719
2168
3247
5414
8974
1697
18127
15032
6532
337
687
515
3322
11637
5208
13210
5884
5535
17232
8285
8522
6200
2597
8537
14358
19400
2850
4944
18709
19249
7161
18903
16398
10851
12586
5266
10715
6356
10705
13149
14277
16764
18197
19190
10402
4269
12035
15300
8977
4059
3811
18286
6830
3584
4803
721
11275
6037
18397
4341
15302
12329
16969
2323
3342
14295
15843
12183
12811
940
7103
15024
10085
2717
6550
8530
19005
988
5066
11630
6812
10396
17680
228
11250
3659
10409
12331
16498
13454
3260
1905
14637
19913
11445
18639
16687
15021
9964
5754
9164
4601
5689
19645
15885
7510
18831
3335
19108
13952
12580
2511
2637
10342
6017
15876
11318
11069
16295
5172
15244
7762
12912
10881
12698
14114
12021
2015
1596
319
1828
9862
13544
515
18255
8406
4320
9405
18672
15164
15358
528
10457
17237
6485
10511
15216
3945
8078
4225
9596
8502
14336
14926
2519
11306
2051
16474
14692
9129
839
983
4813
5079
13910
19660
2005
2054
59
13559
16617
8255
7030
15401
13419
6167
4883
11522
6235
8608
10474
14090
18173
2922
9834
12626
13733
1427
16019
11134
6068
17048
14389
4794
8554
5970
831
10591
14934
8121
17130
6312
18187
16552
3180
18251
15287
7265
14670
6366
13250
15297
14262
3434
9471
13237
5695
11670
14226
19689
10701
5596
1692
1167
15009
3973
6228
18068
17171
7466
5926
13102
7004
2752
15265
251
7899
18912
12036
3434
14790
5076
12278
18024
1465
19566
1421
7935
9004
3023
14932
1965
18586
4690
1873
13596
9398
6049
2680
16487
17750
10462
6197
14380
3540
16769
17018
6589
19444
2656
17384
17967
14767
131
15556
1839
1364
19053
8722
6177
11911
9419
5544
18358
19398
13019
8870
1558
18715
2030
8857
6132
4544
4951
15250
17582
10988
604
19997
10773
13332
13681
10725
6858
9040
5680
11059
2413
1442
6554
6409
1354
19393
18120
14835
12037
19835
17976
2351
2769
9465
5353
757
10534
16518
13615
17168
933
11351
18480
10039
8715
10959
5738
14282
16910
1621
4234
16562
12319
4352
10272
14942
9142
16414
7756
10357
12429
10840
5293
4441
2401
3912
5454
18957
19460
9066
17643
17160
901
18563
870
1109
6527
12914
12822
16984
117
6627
7788
19079
4568
16412
7631
19367
19194
3427
305
2258
11000
7986
282
15581
2174
5540
11307
15659
8895
9554
360
11386
6781
14962
18919
4350
16077
14204
15094
8208
8688
10177
15007
3027
7632
17292
3189
10052
7767
5465
1069
13473
8587
17485
5292
979
7644
15031
15960
3688
7347
7468
16323
13759
13922
8789
11949
11941
5374
4581
3552
5168
2156
6870
8967
354
3087
3376
5360
2582
17370
15459
19691
8126
5272
10068
949
15431
17184
3351
18191
10828
10367
12568
17952
4159
2170
10256
5750
13050
18054
8944
15038
18583
9576
8167
15429
15622
13494
3982
18025
13464
2781
15090
13662
7106
12826
19606
10894
7025
3553
4216
16975
15843
15429
9920
17235
12279
13024
5866
19189
5097
11927
12898
15151
15903
2053
2012
7067
1983
16282
18307
11110
5509
7442
17873
15688
7109
12016
19363
9419
3881
15552
17312
9610
4624
2996
11050
2257
3665
9779
17698
15442
10632
334
12476
12396
1168
8327
3451
2303
7124
19634
6667
615
13754
7084
13312
14698
10834
14836
5003
13459
14191
19977
13379
18708
480
19218
10901
3361
14322
9944
15944
7838
6027
13723
12057
11620
279
13748
802
1141
972
11568
5054
4960
105
3584
6096
15246
18892
6767
13274
6495
5502
8620
13144
15996
12438
8141
15533
9096
9631
18170
8763
2327
19874
3185
5415
15424
932
5910
2200
7960
14666
17549
17156
19239
18968
7082
17497
6684
7696
7843
16895
5634
8025
15084
14547
4598
19028
9484
15760
2538
17899
450
10591
16355
17813
6002
15350
19503
16727
9014
1826
14209
2138
4130
1671
5162
14893
8563
19570
8256
15206
4338
9294
3942
17809
435
19235
18530
18980
19725
1172
5170
17002
3422
10236
7570
1162
5781
8068
14123
13699
11313
16212
14400
14959
13421
5889
4015
5427
3301
16809
1822
8458
12058
10395
11581
14453
1712
1441
9053
5033
2514
2527
10118
13978
15094
18439
9885
3005
10718
4690
18877
1611
10820
1793
4645
15958
4507
13035
4239
7836
12665
18156
12740
9128
14322
908
3193
10181
2030
1203
9079
17666
15145
6600
13158
6822
10158
3573
10204
8349
1605
10396
18520
19443
6383
6021
7032
17150
14326
16946
3889
16104
330
1360
18835
7586
2473
19967
4663
7905
18828
2495
11648
11727
6561
16207
15875
10824
9236
15858
2368
10335
1322
8815
15396
18400
19035
14854
17973
10440
1860
4235
12492
5686
8281
3711
13130
14501
11971
11710
9338
12203
5053
14439
19182
17796
19725
6279
14572
10462
3668
18581
16746
574
17140
13852
5764
13683
12041
5699
2952
14429
3816
12664
11858
239
14084
18359
3186
3227
10941
5956
19889
13632
10292
16310
13981
11090
4594
5320
12499
7203
11082
4451
871
9537
5208
10816
8122
17326
8536
6413
15891
5677
18866
10019
13922
19083
18119
10112
8773
2246
8726
9743
12626
11813
19306
5063
13831
18705
3205
5080
533
15941
5288
9331
3708
4870
7452
19255
15935
16005
11465
11000
11190
15653
4324
13637
15600
6429
13960
1896
10302
6164
12944
10550
8104
5886
6892
11923
17064
4709
2935
14470
8305
3364
15388
10870
15386
17554
1678
7104
2490
15473
2866
15866
1139
6367
7999
19040
2807
6920
8104
9968
50
17989
17254
2702
4889
8585
5901
16564
7479
10717
4356
12591
1096
1690
18919
18267
85
13354
9903
5610
11891
4373
6717
7651
2908
11057
16330
8998
16803
15707
3690
18938
169
11680
1887
10295
1527
15517
812
5647
5750
8068
8344
15503
19700
3051
11295
12728
7154
19326
6632
12933
5021
12287
15129
4103
9439
13026
18160
15780
17879
13242
19213
14257
18894
6533
15722
18242
11476
18856
13627
2319
14087
5103
17884
678
12080
10841
4071
6825
12589
9686
5586
19392
18799
12375
11756
5048
12786
17428
5674
4296
9258
14509
2449
17324
8703
3922
3962
2143
7589
10856
4709
147
1682
13871
422
12391
7323
8014
334
30
12666
5865
10592
9364
7324
4783
5385
1344
17415
9026
12168
2529
5198
15313
18497
8157
6687
110
18187
1074
17190
3730
7564
13900
4587
12430
18765
4042
13216
6864
14811
15631
6691
1847
9339
12928
885
15695
9867
18591
6537
11815
13189
4684
4438
17821
11802
5981
7096
6371
13593
12760
3838
6580
10598
9139
561
17860
10623
6671
6985
18312
6568
12632
7618
8745
9953
4946
19670
17126
14825
12955
17978
1629
10479
6578
760
13524
4099
1741
7264
15062
17493
658
13772
6570
12815
15913
466
7821
8416
5456
11349
2234
13629
13287
12490
10946
8554
14960
9811
6886
17708
13755
17
7805
11721
1009
11230
1866
5661
10041
7262
7140
1872
2738
17922
5500
3386
11644
4261
747
3560
16052
18473
9757
12237
1742
8896
6497
9246
7907
12946
12901
13730
16454
4207
19524
14732
1427
4232
1179
11563
5153
3138
8865
15422
1477
8149
886
14799
16388
6879
4262
3902
16306
14323
18344
8833
307
14460
6794
12188
9191
7055
6662
3220
7649
39
10886
15817
13884
17528
11784
11709
11768
9494
5657
7692
9415
14871
5383
9005
1616
14395
15903
14493
884
15112
8902
8775
15986
1269
14520
13733
16156
17668
447
3976
14470
18185
8768
17795
16194
16400
45
2848
11678
15458
18798
19819
1230
36
19206
17893
13224
5577
11170
9232
2240
5025
5568
9934
19685
4198
11574
5394
1991
154
3536
13607
14394
8569
9058
16994
4348
4703
2248
2427
7765
14185
4482
8281
13639
18763
5019
8014
10303
16344
4751
13252
5408
2226
9061
7080
12681
15832
9363
3215
16557
8069
15430
16813
1150
11444
14150
16223
14274
3801
7465
7031
19364
4337
8135
2478
9838
6535
13729
14247
3862
6124
17039
2584
6362
11961
2912
9803
7226
4925
12005
724
16216
11504
549
18409
16113
16859
10926
2266
7998
9177
19089
16083
7090
15356
14066
3214
15272
10659
13920
13559
16425
16934
9245
1450
2031
16145
2830
15398
12049
13288
8330
2212
9150
15735
12334
12133
11306
4292
7732
6861
10236
15470
7463
16061
3847
11559
17173
1051
16907
3289
981
16055
7872
5175
9901
11943
13132
5762
8432
19448
11323
6845
18648
734
3095
7864
11376
3329
6369
5441
17476
18599
3255
10715
7496
9996
8817
15587
2777
966
9910
1879
9413
8589
16942
1525
59
14708
15698
15322
14677
1582
14866
8620
5973
13543
13976
12962
11139
7754
19264
17167
16175
15871
8781
1844
17502
13611
9203
11401
12427
17263
18818
18015
3621
17054
184
1972
4808
13106
17839
6089
13854
12868
19450
10591
1768
16704
10538
10490
16312
60
7667
8970
498
3965
8660
10563
18307
17556
9721
17282
6346
13207
16455
2333
5097
2295
552
19912
793
8678
4729
19400
12111
11528
18115
13412
19652
10644
2415
12174
17015
15855
12476
13063
6768
7930
11882
17610
375
15683
285
3450
15415
14579
4233
2955
17085
14212
497
9733
12913
13569
1987
6606
2955
19002
2568
19511
9946
3221
17459
432
17547
1731
8029
12755
11402
12460
10256
10671
18736
9223
1244
9079
1393
12926
3550
19421
4514
1575
2795
19110
7230
16227
3685
2821
384
12548
11657
18951
1945
17163
10261
7638
19567
12059
9150
5181
16301
17816
3320
6584
12812
17659
5217
14678
5563
19185
18652
19488
7772
7760
3897
6835
13995
1698
12301
15385
1448
1518
9722
13238
16920
13709
12048
7695
5511
1922
12423
167
240
5758
7563
13052
4874
5250
19573
8629
16782
15677
18763
4820
19737
14
11919
18964
2921
6090
17713
16969
19147
2736
7169
7425
15950
3333
2432
16817
18045
16050
1923
16887
14356
1189
1425
4630
9722
8117
10207
5025
10965
3466
3858
1857
18139
103
10556
18541
14232
6886
16233
3965
1795
8383
13414
12605
84
18473
12622
1760
14817
587
4190
1150
3971
6029
8563
3083
17929
15434
4283
18568
5935
3080
14569
11643
5234
17698
6283
6849
11964
17619
11595
7099
19257
2623
16020
5957
8420
13960
11796
4329
7872
17453
5621
6146
13911
6888
4821
5684
15925
4321
19268
14983
4376
1170
7535
18297
19476
1678
3494
8644
13522
2628
2330
13762
13287
695
5831
5109
5358
19597
16078
15403
17156
16495
19507
6357
2539
11649
7520
7708
18584
17546
18733
11908
2591
11781
16768
11395
10477
4466
16746
1004
13096
2467
16690
16280
2273
15655
15112
1962
10813
9103
18068
11579
4903
9048
2370
1534
5075
9137
7530
9805
11732
17701
14139
15409
966
6702
10085
1871
8641
715
3535
13296
9777
300
18258
1982
9395
17999
17959
4818
18981
9458
15357
6228
19730
16010
11079
16767
12592
300
10415
4409
5584
1752
10043
14199
3495
12001
18866
5730
3098
538
4327
2927
18714
4315
13119
643
11464
12272
11495
17650
15201
5482
10862
14712
13814
7994
18859
14197
18510
12612
665
19056
390
18482
3181
2497
7391
4393
15978
17145
5703
16602
15387
13653
2592
3647
8269
5291
8494
4203
14465
1989
8621
4316
7310
8320
4798
12379
12787
1130
10958
16085
6073
3020
2719
7197
12807
16111
3240
16991
1093
12465
10306
10182
5591
16046
18788
3037
599
15775
12667
1612
11078
16294
4171
9384
18010
11465
16128
9940
2264
4063
1189
14043
13275
10018
6270
9329
11757
10138
16663
10068
14398
11666
10559
9613
5110
3113
10899
13987
18501
18150
9944
4436
13056
17224
14389
14023
15888
11782
7528
19658
12413
8287
17526
7019
9648
10170
7970
6141
9133
6539
7608
16869
12613
4152
5150
8411
6067
4868
3667
15882
11612
12213
14669
15920
9466
15249
13971
16616
13143
6404
15053
4323
11923
16422
13302
484
17495
6884
15495
1280
3257
8058
15293
6259
7031
7920
1034
4250
19318
1070
2473
786
220
11176
15093
12142
7600
11817
3790
6606
14176
1122
13971
11225
16104
8728
17593
5955
18715
9337
17228
4003
16963
711
19963
13310
10573
5847
2412
17926
9395
15887
5100
3075
10783
14760
5008
4254
15514
10948
19804
13934
16147
7606
13858
8928
12448
17538
12772
1976
8076
16833
14944
13464
4133
13370
5327
15230
5100
4851
6862
12781
4979
9476
16188
8277
1268
13131
10053
10632
7862
4535
6008
12744
15713
7028
10947
9964
6864
18046
12241
6416
5911
5933
3865
18109
12775
746
3408
94
2832
8289
14821
12334
18546
16363
2191
1567
9745
2590
18493
18959
7698
18610
10457
11864
17613
8312
12524
12395
16126
5811
7811
8843
15307
10178
3004
2360
10942
7580
2412
14303
16542
12652
15150
14647
7786
19312
19215
16188
7055
9117
16682
12164
6364
12067
18237
5822
8020
8186
823
11335
15641
5405
15585
5051
15796
7070
16616
18542
7081
4865
18899
11006
17716
4326
11767
12040
6229
10786
12493
5919
6457
8843
2354
8356
17267
18833
3518
1485
14474
9959
19427
2947
17897
3166
3793
12678
1957
8113
3688
1541
19657
12675
18084
10923
1132
10370
14092
1885
305
2631
9209
9608
7871
12997
19965
18045
13214
5706
17997
17253
8650
6508
4831
14391
5657
19371
4681
18173
12818
11408
8261
12458
14950
19139
8278
13135
10652
2770
3662
7311
7212
11591
16636
17590
14653
794
11759
16842
7629
11602
344
15045
16117
9716
10894
12143
12473
778
9885
310
1628
9815
2042
14190
19264
9990
9455
9568
1301
13476
2998
11846
14407
13851
14326
2196
10463
13025
19341
19304
7710
3646
4689
1845
12533
14559
8916
3667
10653
14824
960
1963
15798
19567
10763
389
17476
10031
7818
3049
3480
3078
9601
11075
1182
19636
16647
1994
1776
9879
1725
532
18397
514
17610
3584
17435
7602
6105
17773
15433
9313
13922
2147
14868
4970
9019
11342
19336
12403
7209
16209
10968
4929
1508
8965
12010
7914
11370
2188
9009
1547
12932
17634
13032
9976
9984
9409
17042
1041
308
14297
19238
14630
17750
7844
1620
2522
18589
11960
19435
15919
5664
14733
4959
18275
2848
17641
3527
5795
11690
3978
18934
4263
1771
2729
5575
7067
1033
14654
18688
1932
3409
1379
7454
14622
929
7857
1929
18699
6746
10849
8290
1358
11799
19116
1132
1289
1079
10068
398
5447
18748
16717
11630
18497
18576
19866
10097
4732
1054
4491
11755
11311
17930
17694
10292
10397
9235
12846
19177
3038
4686
10953
6946
8008
4240
13121
18328
8177
1348
18955
3620
15274
8772
3218
14739
15208
2864
11926
12383
16624
13485
10233
17604
8480
15323
4238
1835
5057
10327
8544
7164
189
11792
7131
2085
15941
8211
14563
4129
4582
19782
10473
14271
2128
9395
18919
19274
1886
12575
15345
19325
7378
11499
11160
11580
4419
3032
14497
5193
360
2389
800
19843
890
9856
7537
4827
14344
4634
14415
19492
19501
12103
2233
18084
14103
11109
6676
6445
19130
14679
19799
17627
6127
19140
12196
3794
18958
14240
14415
19644
11126
6702
768
17473
3454
6326
3277
4181
3403
18929
18236
16048
6920
9492
13390
5651
17453
3665
16074
16345
19348
14319
8138
11339
18186
16261
18248
8270
1891
1199
2397
13894
15816
3323
14356
2822
5392
5509
18581
14426
310
4313
13467
1600
15175
7997
1602
4295
17566
635
2203
15480
14569
9049
10270
17927
1188
10311
7814
15397
12936
2264
11564
2984
9892
1646
12702
13087
10341
17278
16883
11167
16668
6601
8724
12178
7324
5118
8723
12988
1883
1459
6342
18486
17886
3850
13680
8627
15521
6174
5361
13616
10394
9627
13628
17742
13939
6571
10243
19196
15847
17010
461
6072
8375
14467
13248
6012
6085
11794
5174
1935
9972
10504
9406
16632
5430
10643
108
8395
3873
13808
8546
9703
15438
12328
4342
5841
537
17410
10283
9522
4137
15292
3804
13480
14526
8414
18704
14925
17802
8153
11867
8476
5537
1230
4109
12446
14627
15863
12964
7991
6919
12740
3890
8062
17033
16193
1098
18798
9418
19857
2775
10967
18437
15165
2213
5699
8537
15943
19092
10531
5650
2972
2509
13315
6951
8876
19811
19226
4559
18821
1030
14066
9632
6359
19713
1576
1393
18215
8445
2138
8435
17349
17530
12140
17428
19257
6086
17814
9194
15314
15958
18204
1994
9100
1000
9553
1409
2857
5679
10630
16217
9909
11339
5233
11634
9232
1711
1451
15053
12225
14754
5737
18977
7036
9490
15533
14707
19235
11101
10340
16384
4739
11437
1032
1879
3744
14163
19448
6400
8323
1352
14427
14148
3707
13033
17379
8127
18401
19864
18633
10783
17170
8612
18280
653
19264
6443
19216
356
17712
6409
15989
3894
7231
17143
18653
2390
11774
1495
19785
520
12444
2931
6902
14521
18541
17340
9976
4560
15990
11867
17627
11938
16306
12379
15889
8375
7758
5670
3910
5910
17973
14680
4722
9109
1771
7278
8442
9702
16460
19292
13752
17945
2095
15920
15674
12896
13998
4781
898
18869
12520
19345
5975
3862
17098
13814
18287
433
18585
11700
6413
10162
2642
1283
5520
14818
12771
12681
7858
14169
2700
10120
12598
3738
1620
5845
15572
3113
10491
6479
6039
15195
9390
17109
18491
1168
17618
10558
7873
8225
17500
17620
16781
15743
11558
7240
10451
8789
4152
3587
11375
15908
15434
1626
8580
7801
10107
16106
5975
2884
5347
3026
4180
15092
4553
2199
3504
1967
7137
16653
2785
13505
17914
4653
18570
5764
8444
1192
3657
5758
372
10123
16555
546
19736
19587
13525
6364
17469
7974
14463
16930
13736
3446
8714
17217
13304
9556
2560
8706
3847
7211
10773
7767
14954
141
7566
8253
5695
14158
5714
11424
4433
8554
1962
14265
13209
14723
17311
2662
9777
19228
557
14345
9106
4257
13139
3306
6744
1998
3757
8727
5727
7905
15611
10730
11658
11196
2321
10611
12148
15299
7565
13084
12933
19119
8637
15064
12454
2739
4105
18575
7600
14678
3672
17726
13265
17320
13249
10091
2823
17654
11806
13472
1801
136
894
14383
13429
10571
10504
13285
2394
8175
13310
17637
2429
13784
11527
2467
16106
14040
16361
3286
14437
3197
15786
14838
9850
17228
7352
1596
13030
13239
12031
4421
14031
6862
9916
9378
8661
16863
1402
19947
3036
826
889
5693
626
2198
4683
18854
13046
7989
11988
4351
10397
4953
4081
4376
13410
5255
4984
2250
9555
15504
9946
9862
13549
5655
12164
15945
11439
11362
6227
12159
8619
5856
5267
13680
18615
13485
11498
3035
32
13718
3516
18889
2523
513
17058
4898
9332
9754
6463
10357
11368
17948
19962
48
2193
4538
19400
6358
19703
11141
4258
8229
4652
16226
12029
18647
3579
18222
7688
808
4899
19351
17049
3461
9684
12496
10658
5927
19272
11046
977
369
12716
331
11913
16310
3797
7278
15225
1201
3043
2472
8830
3224
13529
6782
19531
5763
11265
14029
16540
14243
1135
3710
1516
3478
13463
58
40
648
4180
6382
8920
4848
11994
3116
14606
19751
9420
977
3710
14112
15513
17397
8287
1602
9547
19947
2838
11923
9939
1736
11202
13434
13664
11469
13071
9317
4793
8875
8892
9501
6281
18527
13344
17865
10551
5723
7201
11431
11491
49
362
2232
6030
14494
1554
10106
9626
11598
3816
12269
19248
6873
2010
1380
10812
10980
3275
8083
17784
19131
16981
9353
9945
10775
3695
7607
10001
17397
4149
15831
18001
19335
9522
7515
16618
10082
5083
11574
1916
9641
10045
17037
5530
3322
12366
4464
18532
4542
345
12124
8378
18699
15518
12142
9440
4341
15528
6488
6234
7503
7618
10570
15942
7193
10279
10100
11768
3660
9752
4369
10907
5431
15397
7713
11071
7941
14460
463
17337
8832
12842
11300
12402
15386
3181
1673
16717
5621
8433
3825
2887
9195
6929
15354
11979
19152
9071
11138
7776
18728
11104
6365
3549
12020
10538
16397
11961
2706
15556
15499
5790
9385
13477
13009
5332
12755
13239
1731
4331
15325
4195
5523
19609
13480
6466
13679
17322
2182
12137
10379
4183
1035
6672
17576
19822
3210
1071
19305
15052
14296
17469
10207
6617
10423
6167
1273
5609
15543
16889
2591
507
934
15424
4481
12136
8540
8247
8926
807
15136
14639
10938
11975
8356
4787
1893
16435
16862
14273
5446
15356
17331
8013
9021
14528
14072
1033
10165
10213
3694
6197
19973
19693
7452
17690
15156
16879
4563
265
19827
5159
1544
17639
4008
1415
13044
17773
2558
9269
13930
1065
1794
5828
14745
8968
850
11610
12438
1334
4028
3609
13965
4673
11195
8556
4405
12496
1856
5620
11880
8253
5687
4283
276
14898
15027
5136
9835
7547
13639
10280
16838
15001
3264
16818
2559
18184
3341
8597
6114
14857
2543
10373
19349
16039
14015
16652
6031
10801
14741
8498
8692
4085
1760
14545
12812
6158
14423
4262
6163
13614
4376
8536
12696
17900
8599
11954
17031
4728
11398
10210
13883
18276
10421
14451
7259
3299
2527
3673
1910
2408
15326
7441
8746
257
2746
8824
10536
4130
2545
10794
3162
13904
15668
4830
8063
8112
8186
7022
4980
9975
11686
4777
15499
9077
13219
5739
8634
8930
16347
4761
9416
8378
9068
16848
1961
10731
17141
10414
19837
15029
5048
17282
13985
18704
4073
1452
3407
3441
18759
17326
19715
690
9417
4033
7283
1458
13206
7680
7535
9344
1925
7155
3433
13452
16830
8534
11202
16826
5441
13721
16362
4940
14813
13048
16518
13062
5858
2523
1313
15304
19189
2900
17852
16478
8994
7651
18395
1279
2766
3971
15725
10897
3333
8614
5483
15912
1475
6819
17933
11849
17203
7920
1484
10115
17956
15978
3044
2146
11794
4568
2953
3708
9126
11984
18622
5628
14448
10220
15163
2602
7367
19326
8186
17451
196
17326
3750
243
10509
3412
14172
3930
860
2585
7804
4113
10166
11706
14698
4783
8362
5470
13055
16851
15498
19080
9478
13192
17931
16845
5384
7256
16862
4377
1179
13126
6220
11199
17175
2900
17581
17764
15253
14777
14148
4925
19127
13084
4727
2755
14929
5627
4197
14668
5310
7376
10277
19603
3893
6417
8126
4762
17078
15034
8357
3035
1796
18414
10609
9001
9045
2783
3349
2465
10220
7397
10034
8048
2595
12593
1192
13058
2555
1956
7230
9273
9087
5447
1932
4061
8527
14749
14477
6262
3261
8091
2059
1525
5712
9899
2190
18275
4734
11116
5697
15292
12788
4075
5914
16974
13569
7081
11986
18035
5065
18037
989
1673
5420
7437
12943
7257
4200
4727
7672
669
13963
18612
14174
19550
9461
1799
4204
3074
14802
11987
1786
14064
7587
1850
4833
19681
8735
2
3293
11600
2595
17152
2838
6668
974
5541
8682
16281
9036
3410
15057
19475
13230
19826
6348
15559
4505
5833
5245
9588
3342
14037
7423
14135
12682
18944
15238
3686
11749
18115
5345
6824
1394
5273
18319
7767
7987
14303
4094
1024
8753
9980
3277
17238
11161
3985
6066
6103
6774
3197
12035
2193
11149
8335
12446
106
12886
6628
14227
3980
3498
11503
6749
6058
8585
12432
14906
3749
13840
13520
6998
16548
5680
19084
11805
10551
17776
19984
15977
12355
3037
4966
2784
12479
7956
12174
5947
10576
10316
8845
14242
5509
4874
12982
1929
13695
3397
11295
7339
119
10402
2241
18379
5519
14354
2566
7743
11504
8588
6971
1099
10884
1594
17451
7068
3137
11309
3192
11165
16404
6177
12321
19975
9428
6988
11296
11921
6179
6142
8429
7059
16247
9117
9484
19182
3871
11993
1985
15871
4983
5448
15395
19716
3794
17795
16044
17998
5088
9059
7905
15507
10481
5390
14637
1490
13935
19504
14903
17106
18548
6026
7973
17301
13941
10102
9689
19252
6232
5220
19795
71
16970
5472
11215
14640
8180
7648
6107
18817
6438
15624
4719
4696
10891
14205
19153
7231
2365
13197
5017
1884
14631
18413
1424
12561
5994
8969
9257
19391
1367
9648
16027
17955
8147
19909
1260
11133
15853
9671
873
7974
15693
11674
8248
10793
9175
10526
19025
10918
14658
18768
16387
13563
1044
4225
16431
19529
2128
11414
6797
3836
18265
10748
18775
17969
19554
16313
14318
830
3387
6891
224
15139
511
13046
19977
5296
1868
10461
18821
11837
19430
1347
7864
2412
15742
3910
16742
6064
9407
12006
9447
14319
10122
13976
10155
14896
2197
12280
3428
6004
16835
15821
13589
3720
6942
12911
3926
18086
1527
19616
10416
1767
1561
2146
17234
812
14397
2520
19751
10430
7480
8334
14049
5736
27
12078
3890
19021
5307
16777
7224
6383
17212
8743
1560
10348
5451
5020
11544
12377
9380
19727
8315
13468
15850
15812
19625
8704
4311
7222
8326
15571
19923
18051
18289
10824
979
19005
1552
2435
12510
10595
15726
4189
19240
3541
15842
4107
5475
4729
7108
4096
10792
2633
1607
2871
68
12242
8342
9606
15649
3336
5706
1807
10995
1335
5088
17792
8921
15947
9480
14347
736
10345
7945
12959
3879
17476
10367
11901
9713
14379
16067
6656
3664
2532
8825
13802
14473
8601
4821
9151
4244
3445
5739
15164
1434
15683
9371
15169
6550
7760
14526
17793
12084
8390
7507
6447
12012
7328
11869
7892
18368
7316
18337
3636
14250
17613
15593
17414
8790
7368
19581
196
760
19548
299
15608
12508
8443
