393
529
149
1296
843
1920
757
1771
1239
605
1006
588
418
567
664
354
892
59
607
1914
1400
967
1889
410
1340
1525
1540
164
372
1308
1915
491
744
100
102
440
1086
452
1706
63
1783
295
1950
1746
1191
974
1359
829
733
305
716
328
1938
86
1137
6
338
1133
1100
534
464
1885
599
1206
680
1792
583
1239
1519
807
1816
1577
1910
197
52
966
868
79
1526
1141
670
1515
343
512
1559
926
392
1948
986
1489
120
1444
1822
473
1383
77
199
1912
675
1724
646
1281
679
1634
1653
256
1985
1352
981
877
921
1301
761
547
666
367
543
1736
808
315
1124
1812
1102
1630
567
73
709
415
1911
1704
792
91
10
64
1786
906
1338
1542
1938
285
1013
1799
1897
1972
1980
1056
1055
1807
571
1621
1264
826
1105
963
1715
62
502
814
631
1020
896
1287
765
1270
901
1766
1107
1832
1366
1810
1302
110
1146
1061
1599
330
1304
1591
310
1028
1351
1911
19
814
738
942
917
296
1175
1241
437
333
473
1211
5
1055
376
1004
882
265
870
1192
819
199
1366
1257
146
1996
1259
818
1030
264
547
47
738
1773
676
61
971
388
1630
390
149
788
479
821
1270
125
1080
396
1091
375
284
724
646
100
798
1689
1113
896
1445
1548
1748
1637
936
1871
620
1935
1463
1162
1932
66
1503
1780
598
1582
508
135
423
360
758
1293
579
1175
1948
903
1575
1994
77
381
1104
1853
1734
442
418
1451
1853
1018
565
315
824
1487
865
1761
396
1028
630
549
801
342
792
1049
787
1280
1620
1254
1498
51
1060
1860
1039
450
986
569
1927
22
1640
632
1853
222
162
1820
1917
1219
871
416
1882
468
1617
1072
1502
859
301
445
287
1616
1796
257
1398
960
191
1534
1530
1845
1296
716
1785
1050
318
865
304
1727
1781
1916
354
504
1012
81
336
432
1580
1185
1966
255
104
1091
30
863
43
1167
1846
610
413
153
1402
1390
1116
717
1189
1423
521
940
1727
1871
1108
562
53
388
1039
1280
141
1778
1608
431
510
790
1276
724
710
1769
1727
45
1660
972
354
473
767
886
485
480
254
1897
1503
516
1545
284
394
1600
190
1652
389
286
42
25
1529
1834
517
546
1139
1886
1264
897
129
1868
1082
1334
997
1140
847
441
771
1199
1119
1507
1287
648
1925
266
1871
1630
1891
950
664
128
738
1872
1103
134
539
548
215
835
1880
1322
943
1756
1487
1703
1002
1834
1620
692
1221
1604
76
17
614
1942
479
1759
1954
1239
169
919
1441
1117
636
78
1556
344
682
1700
27
662
161
230
685
110
1272
343
1068
1408
810
1995
1417
1742
903
1944
1390
558
1224
38
723
1158
1684
1213
96
827
41
251
1789
231
1883
1792
1951
1855
789
528
1989
873
85
13
1251
1321
864
932
1570
1394
648
1414
1654
744
1606
1256
1325
1185
1178
1649
1484
1836
773
393
1352
441
1796
529
1080
1297
1117
344
715
1692
1467
1708
358
625
776
341
1722
12
106
1498
1318
1645
1752
1293
1322
1199
215
309
1281
1014
464
409
347
949
705
403
1023
646
1415
790
1106
889
1396
894
1326
287
699
1016
1119
1525
413
1236
1532
32
891
207
303
1302
758
1699
1259
893
1626
905
416
629
1197
674
1591
1418
1807
873
1824
504
1586
1372
1609
1061
1523
660
1736
1626
1856
510
148
1418
1869
1557
790
1671
174
699
1252
1345
1024
1973
975
854
1154
138
1969
1072
796
247
524
1922
768
660
27
1099
1789
1914
318
1247
1332
1682
114
1054
1662
1228
1224
494
1535
1605
678
502
936
111
840
903
1465
1517
542
1421
1016
183
1613
584
1256
983
1727
1548
1751
909
1131
1217
1403
1939
1240
368
139
209
1373
413
1214
860
39
597
271
1853
1274
1259
361
1801
1602
836
1553
182
1596
257
1683
1815
556
1833
1222
1776
1038
309
1612
1811
1245
726
485
1687
1680
917
1174
683
863
813
1099
1172
1174
947
13
110
679
1587
1782
709
1117
1889
1231
348
370
280
1897
1545
231
1630
1596
990
1608
509
1597
409
1194
1280
1811
156
302
949
803
976
631
1801
1347
396
601
612
68
563
422
1901
468
1533
1770
1117
1212
1966
187
409
251
917
1403
1470
838
1416
1919
1673
270
1329
72
1918
717
31
1113
756
1040
43
901
747
1436
1665
75
271
587
1608
1221
70
496
1761
764
1420
547
1142
1948
1189
1949
1452
1007
1579
80
1288
1626
1899
1325
451
768
795
625
99
1844
524
542
417
1319
1724
1123
900
80
784
1061
1937
1751
1077
1240
549
328
205
614
1355
559
463
749
1356
30
395
1229
1082
1480
1582
359
915
1125
389
838
1896
1446
1733
1153
469
132
221
1399
497
1531
380
1388
1565
76
1129
1537
673
306
1948
1801
1271
511
1989
853
990
544
613
1747
655
476
1543
564
1222
303
65
762
721
1317
293
82
1222
370
1757
1351
52
1939
31
956
1373
359
327
876
877
117
369
1852
1558
1110
1730
252
863
29
1116
859
643
119
851
1160
1331
1415
683
1966
167
1579
527
107
12
1831
634
438
54
1441
1714
1510
1566
611
1088
138
1309
1564
710
358
1893
523
400
279
179
40
687
887
1346
795
472
1604
1313
378
782
293
139
51
1834
80
584
799
551
561
1126
1047
1627
1488
1682
1709
962
307
1423
1624
1937
1999
1727
909
190
1578
1633
1470
696
69
57
1991
354
1602
554
1175
86
711
1231
1636
1910
1714
1796
690
1294
994
1238
1403
679
1322
797
263
499
1136
1120
355
1404
1688
1625
1925
1371
564
1584
291
484
1982
1902
1423
1502
334
238
383
169
971
1872
1932
1102
130
1361
810
934
1673
1422
1627
506
1967
105
1156
1327
1654
942
944
77
640
780
1037
1517
1547
1746
144
1918
523
59
593
10
1313
1728
1270
736
39
1301
181
842
1129
1678
679
1041
367
1729
1803
1688
1864
1288
1834
66
649
1984
427
110
1989
1569
1697
1113
946
712
1707
158
667
105
829
1518
1788
1758
1582
1886
1328
1114
688
1102
621
989
357
141
1400
1788
1717
860
1964
666
1016
64
1145
908
795
236
1904
844
857
1649
705
31
1325
11
32
559
1383
33
1624
1126
657
640
1884
743
940
484
118
1359
1655
1020
1987
175
728
779
450
1245
911
320
1806
734
724
595
70
1938
720
1565
977
878
1477
469
584
1196
138
1555
1386
472
333
719
866
1462
1750
324
1369
1662
1907
1560
163
1559
1411
126
463
1356
536
659
116
1718
1473
763
1196
372
533
1760
1755
1390
184
879
1197
1358
1326
235
1064
1332
237
767
1442
1572
239
339
1950
1265
880
1198
697
448
1510
25
1630
1347
1913
1612
924
1585
1734
666
94
1192
1253
1320
1230
361
298
1126
1994
1539
860
917
1918
1020
47
1449
1833
1209
1694
1103
1574
408
243
50
597
537
876
1971
1776
244
1963
922
736
534
844
1841
1314
322
1682
1179
1965
1943
1182
1725
252
1230
1047
1874
910
686
1621
1054
1979
1519
1588
1136
385
92
378
1153
1116
1471
615
449
576
1571
1336
305
1054
1845
1845
280
1824
1621
913
830
755
387
1334
503
215
730
176
376
1423
1170
1777
1539
916
1765
1012
194
1448
320
1920
587
943
545
1086
571
984
1582
641
392
1952
1528
1367
1091
849
889
1267
143
843
879
264
1094
1904
1236
1791
1286
247
91
692
1513
1185
1839
1332
707
509
1540
1725
930
870
613
1297
97
1750
653
66
830
508
994
247
1821
1493
996
964
529
28
1167
383
506
561
903
134
124
380
1427
1907
1959
1824
1445
1731
1199
372
1318
1723
767
1959
665
1
325
1549
1744
1104
1004
57
1480
1672
796
1720
1427
1327
897
374
1364
604
1558
1933
447
802
1768
1484
292
190
462
173
1681
68
341
510
407
1617
952
1376
508
457
1333
268
1187
1672
1323
426
309
1731
332
693
1925
956
590
436
191
192
1598
1450
61
1323
1790
722
132
1205
1593
1946
1321
945
1258
163
739
1960
1369
1705
287
619
1059
873
1032
1109
827
1655
1522
700
428
1366
752
421
344
1056
780
911
1647
55
1099
1538
1809
1230
362
1588
101
703
832
1326
29
1522
1249
1264
53
656
1544
796
501
1375
1884
523
319
879
198
1943
796
1979
1589
771
1037
987
1774
1660
1708
1708
237
1506
271
1267
1493
1410
1169
1073
460
1540
578
1581
1526
1857
1525
649
607
900
1479
319
107
106
1185
526
1486
605
1426
1068
1574
1114
584
471
1285
583
1543
1470
639
232
1150
1477
961
1299
1053
1809
1526
1620
1607
356
1037
1979
653
1644
1409
138
1251
394
64
361
839
1788
498
565
1402
423
933
967
1242
1355
1970
1921
202
1669
871
1885
231
557
1437
1912
1247
1208
458
95
1734
56
341
329
1032
1526
583
766
101
979
475
544
1726
139
1890
4
1310
536
365
733
1536
1851
1802
1606
1720
594
830
395
639
525
534
1148
1694
1016
334
696
740
1448
1390
732
1317
1291
545
1333
1430
528
1188
1429
1761
394
995
1177
1049
1819
1377
781
266
449
1216
616
1890
114
1479
895
761
167
1231
1182
1868
794
1955
990
149
1668
1580
1003
1608
1008
1730
1756
1630
925
949
1980
1710
256
1751
515
998
867
1402
1710
808
256
452
401
205
261
295
43
1649
639
1859
942
711
759
91
1612
866
344
1515
895
945
592
1095
1016
1757
813
1802
1872
1242
66
836
313
1832
48
728
939
1430
452
766
1203
849
295
51
307
470
840
1987
1784
34
864
1149
479
513
478
145
1231
1372
1580
1076
1044
372
46
1232
92
1275
1390
341
1512
327
1642
450
774
1696
22
138
1857
482
906
958
5
1353
222
1264
1923
205
481
621
893
1566
282
1430
1440
920
897
602
178
129
1152
427
55
1536
1353
1440
968
268
1218
1430
1488
1671
1243
952
1694
1032
1959
157
1441
2000
1896
828
377
859
1985
78
434
688
1426
232
1960
687
1657
509
252
1230
465
1339
1201
1535
1208
1321
1583
1468
165
19
770
1454
904
711
1629
510
1781
1205
258
600
705
774
486
1434
1813
640
1920
1890
889
653
1908
460
472
892
917
1878
76
573
609
1689
561
659
1646
73
9
680
652
1985
228
550
1368
1673
816
438
60
1687
554
1125
1191
555
1188
1531
332
1527
503
1435
678
1346
1770
617
1834
1521
15
321
830
828
1771
711
1153
73
802
1574
233
1859
923
258
49
1439
1685
1434
804
989
951
678
99
1785
784
288
1057
896
1174
1325
689
875
443
733
245
924
1666
935
856
479
216
1066
1875
187
1583
1847
1866
1665
1060
1342
1006
170
172
1285
166
572
1464
946
1358
1964
571
4
1299
178
1917
843
804
1635
221
1916
940
1489
1145
674
1806
1286
1446
1546
1443
1253
1649
658
921
1282
693
1048
840
109
599
1262
1828
1772
1576
837
1205
1850
1780
414
1617
1933
848
480
2000
1834
616
1094
407
1149
960
1778
540
1430
899
1542
445
1192
1980
332
1363
1547
1180
661
189
1564
1095
1656
186
24
1058
328
1365
494
1360
313
146
1455
775
1689
522
1991
306
1568
1856
547
371
1050
355
569
522
590
1301
391
1407
1131
527
1900
1606
150
1291
669
1599
1011
1597
446
1046
455
1736
560
1353
189
1989
877
727
223
1683
199
137
1648
1314
1992
16
972
1932
600
828
458
155
1743
1692
1467
739
326
629
1317
1644
313
1518
1337
503
899
1757
1736
765
1947
330
451
1587
1385
1975
1396
1620
1804
1165
530
614
1565
1267
19
1768
5
1881
434
1763
1902
463
439
703
1178
1625
800
1685
842
292
1942
1832
750
860
1055
166
1203
681
1926
1019
254
1405
358
551
501
936
1924
559
1881
1923
764
1244
24
1031
679
1523
1466
564
453
698
13
1529
1746
628
712
1949
943
912
946
461
1477
331
951
1427
1585
154
1184
1955
415
254
1885
1388
211
994
1398
883
1547
926
152
1130
672
112
1354
1547
240
1551
593
750
1284
426
38
1011
1295
1756
320
1038
950
1011
712
1736
790
245
1665
1386
251
670
61
471
5
1332
794
1095
523
688
1621
983
1309
112
1862
1460
233
249
530
1358
1556
73
1410
796
910
1277
548
1948
1286
359
67
811
639
860
30
210
1519
485
206
1494
1928
479
188
827
880
100
1731
888
618
915
1145
858
698
1143
1943
145
49
851
857
959
831
900
60
110
83
769
1806
1314
784
339
1195
433
1280
1004
1632
1355
129
1340
481
388
811
1091
656
55
1834
1702
873
1457
974
280
1951
1329
541
478
687
692
1412
1023
627
390
1589
470
1141
1926
895
1054
788
1884
713
1783
811
233
1743
150
485
1163
1867
1100
149
440
1136
1097
1447
1810
1036
1472
1822
1572
1470
1025
1849
1680
520
1404
603
23
1661
1870
1063
1413
281
318
1705
1202
564
293
500
1167
1985
1409
838
392
599
1546
1824
1120
320
452
194
582
372
1734
1594
876
1537
552
1020
374
1479
1848
474
588
114
309
644
601
406
260
589
100
986
495
1936
940
874
334
1935
193
816
664
1150
103
5
1313
598
35
721
388
1418
232
872
1577
1868
1752
997
111
1191
1173
1643
1674
364
1834
1298
1838
895
1579
1355
747
1864
1546
1997
1668
1872
1997
959
889
1772
168
2
1358
1943
64
1507
1632
631
816
369
138
779
1322
173
1020
1476
1202
1230
550
226
1032
12
581
1788
1272
1155
168
1020
1959
661
1165
816
1589
634
206
1778
581
78
1910
1583
1401
167
533
259
1712
1069
75
902
738
1542
1828
1516
1378
208
1398
1293
1440
8
1030
1017
295
1825
694
1142
964
619
1177
1568
1330
571
1386
1788
60
1063
1185
967
377
1599
1345
974
827
1156
28
1776
1627
955
587
297
1566
537
1378
917
68
554
106
392
1646
802
850
289
1725
1971
1887
308
473
336
1257
1466
1669
302
1739
1238
351
1366
633
1123
637
1584
1108
4
38
926
893
61
612
546
1079
1445
1944
1041
574
402
1483
184
599
1794
889
726
53
362
475
1149
1224
1309
1586
766
514
231
1933
759
709
17
251
168
1468
196
235
1422
1740
1888
383
671
1139
1701
1821
668
1138
498
1552
1018
432
1498
725
722
1920
711
114
679
323
952
585
996
644
1396
454
417
1841
1405
1532
1478
73
1294
804
1694
797
1744
1098
1459
1838
1845
1560
245
1244
1780
1746
1159
240
1056
1862
883
48
989
1694
313
1464
551
1183
37
542
1744
1875
1627
292
1159
994
1516
1630
1356
1461
811
1841
713
897
182
1973
1060
576
1304
1965
1302
1506
1611
1285
608
1158
1327
1090
1744
1351
552
1992
1260
1192
988
117
963
1999
1456
1053
1406
1642
1108
1954
1290
1583
249
1661
399
328
863
1035
852
954
1251
1820
357
369
81
271
1277
1178
1
1347
659
584
1064
1935
159
418
1744
405
452
1868
876
1913
903
472
415
1442
352
163
695
1842
1804
150
673
1708
985
509
422
494
1796
195
1536
498
1372
1138
654
1493
388
1938
204
461
287
1726
203
820
844
1584
794
1858
1071
12
194
1927
1156
1044
1914
145
194
1610
33
1693
54
1418
1760
1141
427
157
834
1406
1382
1803
1757
1903
1521
1312
929
721
1350
584
644
581
340
1245
453
745
1641
13
321
1408
1132
544
273
1474
931
591
490
1136
1541
314
376
179
1292
1316
90
1063
1150
1167
1214
722
1846
1597
1443
396
740
1546
1205
119
521
894
1520
1148
1930
1753
1766
547
1432
835
748
999
1153
370
1913
381
32
1192
1445
288
1168
1863
342
1405
1009
1401
189
1766
146
1279
1415
96
1452
1474
1874
77
1010
1221
348
380
1823
1251
1505
1060
1803
387
1871
1016
261
459
1276
1985
550
908
366
632
777
1864
1510
1361
1887
566
1556
1025
233
1925
363
333
800
488
428
1454
1732
1817
887
899
335
138
894
151
919
1219
507
1036
1382
1227
57
665
732
721
184
780
1062
461
1775
345
517
1840
1895
55
1669
1286
1260
1094
16
1443
591
1088
1051
1758
792
461
1614
1881
999
1486
136
239
447
1361
1366
674
1509
1024
97
996
1264
108
1095
1721
311
1527
909
1324
1572
1046
642
1800
841
1677
448
1962
716
1196
1181
1045
1221
445
1579
558
272
1949
1460
212
959
675
262
1197
449
1424
656
778
1114
1676
1547
1800
738
1076
74
1819
1207
1596
1552
862
495
731
94
68
1589
488
1850
1260
1275
1771
1097
934
150
1044
929
1684
1554
1703
1945
1283
1000
931
1355
1736
503
914
1904
1606
17
1221
53
445
834
943
1452
1302
1884
1785
1474
909
1094
1151
1421
1311
1394
1672
791
399
1807
1275
234
1792
59
88
1269
143
1586
1226
1870
1794
1070
767
1609
1067
1382
134
1499
1632
756
624
1662
831
1574
1524
1167
1268
1188
1233
639
425
1800
1494
353
1959
237
1922
1827
475
814
1663
823
618
796
973
848
1929
1700
417
1196
1792
378
399
695
197
33
872
707
1859
1588
167
56
1146
1282
674
1995
1206
1755
378
1870
889
920
8
778
1147
1928
1904
986
1543
675
747
1334
1248
1883
1974
765
1343
1471
1612
1994
1103
766
1629
1270
1367
1769
1404
255
823
766
890
1208
20
304
739
42
748
530
1444
1085
1724
1287
956
924
155
1676
205
768
1147
351
866
1411
1526
1920
1941
49
1984
1858
1058
1692
972
46
1280
360
484
82
1885
914
1363
1131
1175
1776
1440
1386
1384
893
1286
1624
1793
372
1348
118
798
1841
506
1258
1020
1660
1479
996
450
729
17
603
1690
713
346
1482
1316
603
1377
1459
64
283
1592
1877
1357
1007
13
1721
1792
1530
1215
94
1063
44
1578
979
1791
842
1551
43
1790
236
1542
127
1508
702
791
1516
1640
1876
1036
373
915
1144
1658
631
602
257
1356
548
29
523
866
1555
945
1683
651
1289
1705
1135
840
1145
618
236
1958
1333
1337
710
1017
1855
312
1726
1472
269
369
1250
721
1914
714
749
1804
466
646
1021
1327
944
1133
1760
803
1706
150
711
1505
779
665
1225
341
1527
1801
745
1754
1785
438
903
851
1491
260
1700
43
1501
620
608
1096
1220
121
1712
1492
1525
957
97
800
499
485
300
537
140
1141
1042
1734
1185
1575
731
1305
1737
904
26
219
23
774
493
1791
332
498
1003
1332
803
495
1321
1677
1545
1834
1190
34
332
151
1417
690
290
673
1692
1856
998
503
310
1289
1824
797
1865
563
1615
935
733
581
908
80
1109
1780
1163
169
1444
890
1013
847
306
474
527
1558
1736
360
1874
1511
30
1798
1678
1916
1730
1926
952
32
325
333
1000
1665
5
1702
769
604
1563
1562
524
429
1695
1321
1315
1451
469
711
533
1451
1486
305
1360
1036
1239
1660
1526
1629
503
750
758
475
1076
1178
256
1364
1121
1537
844
1382
1962
162
888
123
1959
573
50
1561
1861
1891
1219
738
61
651
155
926
774
1888
792
1867
1484
101
913
1718
89
706
1380
350
1072
907
1618
350
546
143
762
1802
1018
704
1313
1873
1035
346
1798
277
978
1345
1205
165
740
1246
1318
1612
947
1836
955
643
1732
1500
473
946
1367
842
1416
1308
708
537
563
380
690
559
55
1734
1880
1967
855
937
1810
803
513
1959
1984
508
517
366
72
527
1204
1807
1350
15
1361
978
678
126
543
11
1924
959
160
1520
1728
265
1050
1077
1987
1095
938
186
1601
696
1050
355
462
1004
444
723
1984
1547
1003
1315
1229
1006
1014
1088
1048
1842
1393
214
90
97
1268
665
1466
236
456
1913
104
418
1676
671
11
599
1659
31
1612
557
538
793
370
1456
1551
1203
865
1433
923
1746
1798
1486
833
754
1719
164
1319
1572
1537
819
396
1704
421
1084
1930
15
222
502
1862
1231
1936
691
718
813
1602
829
1238
1383
77
455
1292
1920
359
1438
1228
960
48
920
1109
1875
522
668
290
1302
1042
1135
160
372
1120
787
213
1218
183
798
797
1021
747
568
1817
962
706
1812
1004
824
656
587
728
1789
639
159
1730
432
1867
514
1785
408
298
1079
848
1473
1897
1177
477
1724
83
1812
683
731
395
568
1290
777
91
1988
156
299
1303
1377
614
1199
263
785
712
1255
1009
1713
1132
231
814
1577
1983
1975
1615
225
1478
1108
155
1213
1369
206
172
1895
1971
1456
5
68
1081
1385
1067
990
218
815
392
205
523
1938
1459
325
590
1946
1695
547
1229
8
953
919
1272
351
1795
1445
1829
1051
1024
925
785
1185
1196
605
1053
1072
1789
522
638
1750
1805
1501
1344
1264
327
1642
225
1865
1417
1690
1352
439
1495
465
1610
484
604
89
142
1210
237
111
661
233
244
837
602
859
682
296
956
97
0
1015
993
211
1022
1980
1952
1064
1433
737
105
1017
390
582
1068
340
1814
1060
236
1030
623
1909
795
1749
692
619
1507
819
699
351
1807
715
633
765
1458
249
1540
1236
1117
826
1035
264
1047
957
759
628
325
901
631
1980
961
1587
857
1075
329
909
151
164
1223
1153
1433
1994
117
272
371
1929
1647
1096
865
1427
1489
598
847
1576
487
560
85
861
623
45
856
134
1461
1886
323
639
1395
963
1770
958
165
1620
1708
1307
682
537
678
686
324
1571
1402
19
83
510
81
366
658
1789
1683
680
1514
1988
1586
786
591
154
1235
1458
64
67
71
1525
1295
1789
1184
1358
1647
351
834
380
1843
1789
1413
1155
340
1537
1830
1468
1700
1772
629
1655
504
1615
283
1364
245
1546
206
1571
1606
1119
151
1531
425
1773
1671
317
1708
864
1186
1032
1099
1383
295
878
566
1716
631
1623
1183
533
158
1220
307
659
1654
1642
1376
1238
846
284
732
591
278
1290
311
1899
951
73
310
385
1548
1563
584
729
745
346
899
1348
1694
60
1075
1761
1042
204
112
507
1291
1422
431
1800
616
1969
872
1754
1383
1783
226
447
1717
1287
1420
485
1078
637
233
1095
587
131
487
1012
1917
711
393
1109
1908
1522
612
841
1066
986
187
1143
1743
89
1962
995
574
613
688
1023
273
1487
1575
680
1196
1694
1310
1020
1446
73
1479
1482
1740
1345
347
1456
471
115
1192
1801
1992
1716
218
1703
75
241
1320
408
701
279
668
1122
82
473
362
1379
89
795
1347
482
178
293
1537
1586
143
957
1968
228
1892
938
797
537
1774
302
1188
1347
1321
338
1230
1928
14
1880
5
459
801
85
1788
730
354
1252
11
1837
294
1403
1275
625
726
1565
194
959
861
1375
1209
1596
481
1167
56
16
1360
225
1019
1180
1196
673
1980
435
1832
804
1785
1124
526
186
735
1477
1187
397
813
684
152
1850
1643
1704
1988
250
1538
169
733
1950
1526
1673
1546
1389
44
1875
1978
838
472
1646
1594
520
9
1906
1734
1006
451
363
1980
260
185
1652
1413
1028
1171
63
1878
493
522
442
1727
12
96
896
1403
1098
573
1321
1954
1877
104
1456
421
575
1192
1241
868
537
1355
1597
1461
989
565
790
1319
431
1767
1358
797
1281
189
1487
135
972
1764
1905
293
1062
1990
689
97
979
91
1529
1681
136
258
1936
913
1058
453
344
362
551
1954
1280
571
990
490
589
406
1976
931
1441
35
905
1271
1397
564
1155
365
1686
1658
1154
877
1944
962
944
562
856
1093
392
459
628
287
1031
1167
1039
168
810
911
1555
769
493
1412
34
813
295
608
1831
883
826
1733
1803
1573
74
237
1751
863
790
484
176
174
117
409
1841
780
993
1641
1591
1215
1785
641
108
1670
1057
1970
1911
891
1055
128
57
195
1038
1855
165
1500
232
824
1985
191
750
1910
1810
754
1791
1823
1790
1971
1308
330
1389
1716
1950
459
1748
191
679
1063
270
1707
293
1150
140
136
1881
629
156
1561
1318
1763
452
1941
187
100
1021
1746
1281
1919
1767
1430
975
593
484
316
768
446
1273
513
1152
1185
1534
1481
185
283
1109
594
1838
430
1085
1342
1584
1578
1581
1616
1549
850
1166
1547
920
764
908
1195
1236
1450
1384
1424
217
1389
226
1068
447
1549
321
1861
1179
808
309
1683
1200
751
972
869
1927
1653
188
1684
1708
1795
1667
1546
329
1102
124
1994
1370
848
1285
1669
342
1527
160
1268
589
407
574
991
1000
46
851
1564
25
1793
1267
104
1972
717
1395
1495
716
1786
609
55
1782
1383
779
1767
256
1098
1319
797
1780
1645
599
687
36
1845
1724
606
1006
834
1928
555
1707
1340
416
1108
18
1479
59
573
401
1682
1135
1350
1973
1139
441
1070
1470
1660
1398
894
381
195
1149
1115
1628
1853
192
684
1105
1376
54
354
1364
1147
618
1699
1038
436
1539
1759
1868
289
740
1888
66
1526
1926
858
1794
228
1654
720
361
188
1202
888
1180
563
1500
1816
413
672
1580
1465
1935
1666
156
683
778
344
579
1221
1149
1668
193
1630
1121
1831
739
1238
334
1729
1837
202
348
954
236
522
574
1132
434
1931
1550
969
1829
1100
737
264
1637
1064
834
1674
1332
592
1388
522
1876
1388
1453
127
24
372
1474
304
1409
1400
532
705
520
1677
1224
797
462
1958
751
1402
115
291
484
1871
926
1240
464
1740
1548
1247
55
1726
1576
1332
257
698
35
1515
1497
733
1238
713
753
870
798
1616
98
1509
545
699
1051
729
1528
1496
1788
1655
1752
847
1149
91
1773
1738
860
1258
930
1143
1789
1704
638
1067
1026
408
1040
610
312
1053
1379
1249
1990
1185
1890
117
1538
1649
1260
495
363
966
22
168
694
1786
1886
1021
1750
1276
1087
1426
520
916
1789
1662
1318
149
460
1614
440
674
145
1443
1203
1429
931
1587
801
954
115
657
1165
742
1869
210
145
1287
8
1950
1770
950
409
940
96
1882
316
963
353
1270
66
173
1594
769
405
998
584
1604
714
188
1233
1997
750
544
1322
516
1919
608
871
657
1687
515
456
1059
121
350
389
1778
534
822
120
646
1719
879
1788
824
83
104
280
797
1680
775
1520
1901
947
1001
1048
1610
1272
961
1886
1859
1788
391
1413
1946
148
1927
1999
131
1562
835
275
43
1020
1360
1733
905
897
718
271
777
2000
631
1996
1679
799
340
101
9
85
1673
1025
485
1041
1652
1674
416
1069
1742
1053
220
1612
68
28
1522
1229
1483
787
144
903
1133
1586
480
1834
1073
1364
765
459
844
926
690
1914
1628
1000
204
1978
751
1338
662
1585
1465
232
1822
1944
280
1676
500
1314
66
1596
1896
727
973
1373
474
1328
503
378
58
1509
1307
686
232
331
124
1688
1114
1331
1540
498
1275
816
777
742
1700
631
498
1615
805
635
1837
129
1942
1385
104
900
1670
859
1990
585
55
661
1024
1727
1237
844
934
1995
56
933
606
492
1994
1226
1054
1023
964
1922
1453
631
1205
836
638
1133
475
1189
265
801
551
1679
1798
1651
564
1668
1280
1511
932
215
310
1755
1321
174
542
1171
1352
714
771
481
1888
1768
1373
266
1350
72
688
1140
660
1898
883
752
1850
624
1536
1146
140
705
494
550
98
73
1523
1516
1108
638
1459
234
1512
1121
217
1303
502
434
1287
1302
343
1685
403
919
962
1686
1344
684
1806
583
228
358
331
250
1232
865
4
1179
647
443
1997
664
722
374
218
1622
1036
632
1701
1102
532
729
821
101
1653
54
1160
170
415
1448
457
269
812
1616
573
1610
915
1015
1130
1440
789
1674
548
627
975
1614
1431
1740
225
910
1372
710
912
1334
1596
604
1652
1500
1871
1146
1430
1957
1492
1181
1189
1921
836
1175
448
74
1290
296
1559
117
1065
360
838
1143
29
1637
658
123
1862
1173
597
1968
607
843
659
1119
1570
1953
1540
865
264
707
326
255
43
1290
457
18
1864
691
414
1908
298
161
1903
758
37
240
1107
1190
692
1533
22
1843
1332
842
488
872
865
1701
214
1651
1657
1584
1065
741
1437
1033
1767
1072
1921
434
1936
672
854
1831
1519
171
420
611
1424
335
1538
596
201
393
390
952
1410
423
1549
180
1930
1523
1938
392
231
1611
1496
1906
483
323
501
447
645
1027
181
1010
1478
1431
1799
858
1394
1722
399
25
740
84
7
1945
14
1905
672
810
1070
1508
367
1330
1104
125
320
248
1300
987
427
1712
410
332
12
328
806
238
48
35
1448
1484
493
1962
137
1640
1023
438
1891
455
279
1992
665
977
1960
1666
1692
892
1025
215
1111
479
1535
861
577
1350
717
1160
153
1527
1353
1422
1634
427
1341
1506
1260
1972
1587
837
250
41
1148
1401
1258
736
1788
448
1787
1589
962
846
1222
825
1485
537
1847
1373
1377
1191
1828
1278
358
696
207
1057
1150
168
936
866
1593
1076
1715
1835
683
86
1950
1307
1450
923
1706
1349
1199
676
823
1855
1797
295
499
271
970
1550
654
1427
475
969
1394
270
208
115
1466
648
1867
865
1837
1447
618
529
321
1587
1645
882
369
1432
1494
1732
1192
1903
790
1421
1826
1269
1728
1439
11
691
1661
892
1346
701
1605
1473
1741
1949
1052
426
1263
848
1685
1639
1523
999
1606
159
559
1746
518
1564
1972
1129
512
1263
624
705
1179
979
1791
478
233
1776
1810
1193
836
477
1535
27
716
1101
568
582
1660
1107
1949
1964
1723
160
940
1871
1570
604
609
1687
1265
1115
397
371
1549
1005
516
1916
901
650
647
422
521
1898
216
1624
45
480
1196
1357
1655
1990
1905
627
286
603
106
592
1680
1783
1403
1007
952
873
825
361
1576
1901
1141
1803
1249
55
1076
823
903
1368
718
745
357
279
1528
1187
1499
429
347
1786
1678
1914
23
264
1514
1375
187
1346
69
1800
819
1876
699
1840
482
606
452
1350
524
649
1943
464
409
609
197
134
678
980
48
1502
1532
901
959
1377
1041
1370
103
1140
2000
274
641
83
1535
1338
868
1567
877
966
115
1459
1298
592
850
1885
1598
1902
1505
143
798
714
1807
361
1283
1523
958
246
1535
1462
1187
1523
505
1849
1112
1339
349
1699
1820
1911
452
1890
895
960
316
1885
1379
835
1403
620
778
960
319
392
936
1834
1699
1717
663
1653
1689
967
1840
840
1950
430
1396
1525
7
1158
509
1419
1142
1279
363
1831
1299
821
553
285
1372
1067
189
1106
395
1800
718
1851
1371
1570
1373
714
594
1860
156
1861
1121
873
1238
116
1659
506
391
1179
692
63
1136
1030
1726
435
1647
994
821
446
1428
215
1127
1921
552
513
1620
822
338
1531
1362
465
1683
978
1646
1196
898
42
1890
1619
1408
1954
1454
1587
340
1983
1182
714
1682
670
1809
746
308
38
1275
1272
460
1493
1939
880
1874
1452
119
404
1002
138
1165
175
1288
1651
376
1287
1078
1794
1667
1170
1451
1129
39
956
269
992
1975
791
529
1454
484
792
29
867
1754
1054
1283
668
877
455
847
237
499
306
716
1884
822
552
1961
1895
626
1369
1541
1869
1201
1084
1613
1345
178
615
1716
926
1244
1219
1640
1343
605
1177
1174
217
836
1604
776
468
343
1637
1115
169
1980
1879
405
1097
1674
461
1531
515
1883
1907
260
1338
631
1849
85
1515
732
541
69
944
27
1122
1254
85
1275
1197
1885
1154
299
632
684
379
1391
1305
1892
1709
631
1375
1149
1731
1208
716
824
58
887
215
1602
862
1701
1852
1554
286
1854
63
1217
100
1997
69
1014
275
633
184
40
1351
2
1448
1856
1927
1939
1958
629
1726
962
1824
372
935
705
54
316
693
502
263
381
1832
217
1239
1807
1124
1816
291
1050
1938
632
1954
1257
1355
561
1715
881
392
906
1040
1526
1508
386
606
1048
1991
425
1824
209
1557
224
1835
1336
767
630
1211
565
486
1632
1856
223
964
410
1228
1894
56
78
747
792
429
514
310
683
1380
1737
1676
1231
1734
181
1199
1967
876
1305
897
676
1999
1706
109
1210
871
737
434
1597
1716
1175
868
655
833
1024
312
1999
745
12
420
1175
488
816
1127
774
1764
569
1022
395
564
14
1574
703
1870
1878
1587
1523
99
262
1455
30
671
880
160
1285
838
794
1182
27
966
1733
1098
1285
1154
145
698
506
1424
1040
814
532
309
1199
306
1140
1403
1786
1795
617
1631
1023
1106
1298
701
1533
312
610
1715
88
1998
408
857
1459
1043
659
1769
712
691
461
1279
1796
1617
1174
1091
812
1202
1329
819
959
1761
407
1664
1373
1362
1535
835
401
1704
1005
557
1428
1415
1170
376
1272
1372
1192
601
1242
378
695
61
1674
761
940
1673
1406
878
194
644
1550
1937
1096
1623
1799
1287
1924
700
1534
1614
1066
1500
559
648
1299
329
1962
423
143
1892
1031
1806
973
1129
322
1705
40
1582
1066
627
134
1987
1460
999
735
1230
1386
32
409
1233
337
1441
323
1904
480
1442
757
1358
250
1777
1019
1390
1253
323
1599
1365
607
1126
1145
276
1609
1550
473
1672
605
604
493
636
1325
33
1486
1529
1090
1765
552
1816
16
1742
1678
1940
94
1528
575
1890
910
402
386
652
88
592
1834
1934
1801
1851
620
1361
1210
375
706
831
221
669
1641
388
1219
371
77
1039
273
52
694
1955
1386
1399
850
319
1596
1836
643
174
514
376
1423
1624
1168
874
80
1732
192
1787
441
1857
129
528
1341
1207
880
529
1938
811
1710
1124
1565
1217
1427
1035
34
924
530
995
327
1676
1385
1856
1873
1003
132
1479
1149
1731
90
686
88
1794
1287
1289
1116
792
1827
81
1887
1081
10
1576
1922
1012
507
1912
1057
1263
210
119
647
1746
1684
1023
1539
1483
908
1679
1539
1305
1651
570
830
792
606
1325
985
155
178
1421
1249
686
807
681
1560
794
472
1837
45
324
535
1535
1010
1228
1904
150
217
1386
1606
115
1406
1164
1350
659
1933
1568
429
341
758
1061
232
1520
360
88
1195
425
1218
391
201
1282
1165
540
1454
1830
647
503
729
380
884
550
713
1745
629
741
44
1176
607
403
324
779
746
1158
1254
286
1688
684
365
1964
1779
291
2000
1384
1684
1556
82
1306
1984
1794
1649
1028
823
1635
1597
1263
61
1061
187
988
682
954
0
399
1504
356
586
1374
101
1148
1705
1885
770
595
1553
939
891
722
843
137
248
18
1394
464
1086
1862
1423
85
317
1135
537
1514
1198
1501
383
529
543
563
297
391
1989
893
1073
1029
1130
1727
1468
755
1552
308
839
1760
1423
673
1092
949
1886
151
103
1096
289
670
132
962
35
72
686
958
731
1603
388
1834
605
1645
192
1969
582
504
173
321
1513
1344
217
1797
1579
65
1196
373
920
1073
1502
866
148
1982
467
1819
1851
642
1919
1902
1591
1200
967
251
258
1067
28
176
350
322
945
1089
1461
1452
1945
997
1077
474
1182
263
854
753
1445
475
669
1496
311
841
140
531
504
1777
1819
249
653
1463
1002
1512
1437
320
1284
1074
1774
328
1384
335
1009
253
1606
1261
1267
1761
73
1527
1460
1582
12
735
1518
1846
785
26
660
1683
1155
1188
1432
1147
898
823
1554
1739
791
1133
273
1409
1072
594
929
20
1183
88
173
1559
1136
1101
424
672
1123
1109
180
596
1496
1455
272
203
1495
1295
1010
1807
799
1151
1736
797
60
68
366
1815
654
1138
1959
247
833
1631
797
861
1210
866
1175
1533
1234
24
87
1578
1247
1671
683
988
846
309
1339
992
855
596
643
1255
834
100
1797
869
166
1429
31
1632
1093
1343
1704
1774
1290
587
946
1103
825
1259
1141
622
1085
748
783
1130
360
1251
1564
1033
424
1793
1822
1292
1664
770
674
1921
1659
1711
720
1827
1811
1364
1131
661
1606
1701
1464
53
70
1937
20
1690
1880
1454
1116
1857
1747
1511
558
624
307
949
1703
1877
1663
1129
70
42
67
1004
980
502
369
1349
1929
1067
944
1213
1199
115
49
1807
843
431
1933
106
1761
1722
1002
191
1261
1789
529
1442
426
783
1526
1389
260
974
959
1724
1468
212
283
801
665
1386
476
970
1801
1624
1299
48
1222
947
1551
863
1104
1573
1945
1704
1707
849
1314
1975
1976
78
37
278
545
1962
476
243
1230
50
1612
1219
323
1364
1269
1933
830
1898
1983
1089
1775
231
508
473
660
1200
628
569
811
950
7
895
485
767
1924
1003
448
1883
1670
993
488
243
1180
956
762
376
481
757
1899
1512
80
434
788
954
1214
1469
1383
554
41
93
1492
1310
1352
536
1165
465
479
431
1966
438
1686
814
887
509
399
1496
488
1384
1277
1492
180
735
711
1169
280
27
821
1494
1118
1514
1569
1848
277
1005
1173
1874
824
1309
1250
1364
1500
1112
561
1165
780
673
817
215
188
234
1269
1310
314
745
242
839
621
800
502
68
130
104
624
1109
663
1790
266
1289
1401
1162
861
870
1424
930
468
654
253
1974
224
998
562
376
872
710
172
194
1596
475
884
1134
357
1665
104
1992
214
1531
683
6
626
979
1505
1211
1551
576
1992
1145
1386
149
451
873
984
451
609
1489
70
775
519
181
1143
867
569
803
528
612
1706
333
769
973
1365
861
20
379
191
1070
1831
102
1739
1795
184
1885
1195
1901
1358
1560
361
1102
643
1138
1646
1526
940
287
1957
47
1739
691
1361
1623
1595
1630
1875
485
63
1947
623
1445
1276
1912
892
572
348
153
511
1229
66
1272
993
931
235
818
1254
1102
681
1331
978
1646
1794
770
1781
1267
715
1914
709
1198
880
1976
958
353
1936
952
1703
1006
624
1236
1612
1337
1567
444
1955
1203
390
1180
1343
14
24
478
1301
42
1379
434
1217
1641
480
1485
727
1834
708
323
805
794
412
926
94
70
612
375
1588
31
1596
884
768
120
639
972
1065
1196
119
1616
1705
363
267
1509
929
818
1593
1567
1899
1260
561
754
754
1163
1906
1862
1209
1412
652
257
1356
245
1245
505
907
1904
1494
1530
1032
1668
429
947
138
443
1759
301
678
1124
1718
336
939
285
974
1570
555
1454
1456
367
1802
1797
211
601
199
1338
1143
882
1763
475
194
902
76
1882
1119
264
1174
1274
63
1412
742
1325
856
595
1364
716
94
1497
1410
128
1143
380
1392
1436
307
4
690
826
1905
399
555
920
1043
945
995
1962
1202
341
813
438
418
1542
1650
1949
1663
1798
811
171
1729
324
364
1118
48
735
159
1564
1894
364
1842
970
876
521
1288
54
188
7
239
1827
1224
1935
499
761
531
1177
1398
24
1737
1893
770
621
1488
645
228
1308
1605
998
1952
1812
1827
524
1039
1916
540
515
929
284
1522
40
3
1632
287
30
1644
1226
1010
1410
1751
956
789
1131
1771
1391
749
145
1515
755
748
324
363
124
1448
707
938
1697
185
69
1272
844
1692
661
506
127
390
437
1879
489
1473
366
1458
1400
1985
248
1017
1654
116
1780
1197
1007
200
1087
93
1833
1413
1436
1268
1225
1067
799
1631
1184
1433
1453
1335
1776
1640
1495
928
355
1545
302
1852
545
1159
800
1950
1806
1271
1217
57
165
362
1419
709
807
689
171
1942
549
1889
909
858
42
143
1753
503
1425
1145
432
264
249
895
1292
1054
1298
86
1351
481
324
1974
1273
1344
1797
780
1355
1902
1611
1940
185
836
407
1854
1925
221
1773
1115
1256
903
1944
1691
1296
1926
1343
586
591
362
1809
912
798
641
143
1266
1384
1115
1919
1779
1191
801
1357
880
639
378
1
1544
458
822
1198
1141
273
844
1944
1985
1349
682
396
1017
876
1016
916
33
463
1312
866
346
806
1244
909
475
635
1862
1939
1462
1949
1804
1640
1599
53
1295
679
66
1435
1396
323
1986
1063
788
1537
386
422
98
1199
820
465
440
1073
1700
1633
467
700
1716
1990
423
1575
673
963
104
153
1189
1080
1693
222
1897
269
1800
939
107
493
1097
1857
1690
628
1497
2
527
1642
536
1924
113
1007
1694
1630
1645
1896
1419
650
1254
1717
1508
943
1400
1031
612
1436
566
1823
1463
1490
634
923
1339
1588
653
1894
1382
1517
1098
158
870
119
741
1858
453
461
708
1218
941
1967
1286
1230
1061
1471
1489
436
1053
1017
1651
1893
956
487
105
534
1485
640
689
1251
3
92
1111
760
352
368
1493
13
1137
1980
1500
652
241
1636
1421
1239
1699
1900
1193
97
314
206
1572
1655
65
1829
1353
1416
983
919
913
824
1359
1189
969
1018
114
637
1180
1773
382
1000
1759
1850
1569
1934
1170
586
1611
1019
1515
1979
932
591
693
1884
1297
174
966
1612
707
1090
312
1768
728
1952
244
1791
804
776
529
774
331
1494
1890
1763
1811
897
1820
1784
1425
1572
1976
1289
45
1402
1874
1092
1616
1961
1101
31
313
247
1955
759
1319
648
1428
315
1150
1819
1778
1689
630
1555
1943
1197
1404
1772
900
1317
143
640
1377
357
498
1880
607
961
1499
1823
1366
1377
1388
667
1751
1022
1075
414
1796
59
1374
1272
1026
660
679
992
254
1707
1809
417
81
1292
10
1746
100
1230
26
1265
1680
793
1694
1774
1517
302
770
1819
854
998
199
1445
1745
168
1214
323
1601
1109
464
526
1615
1973
83
1943
1383
919
1134
447
1852
1620
860
7
1451
1555
519
1785
1454
1122
429
155
557
1371
1980
416
1550
1709
312
1682
866
185
1789
1744
1017
880
263
1349
920
12
163
182
1272
1608
656
911
906
1250
1256
1383
761
374
1632
442
979
318
548
718
319
987
707
1292
431
1962
1107
570
1027
301
1620
166
1412
1225
362
1208
1612
307
344
1363
827
576
123
702
1880
468
863
1966
971
1916
1470
1071
797
1940
897
769
868
494
1713
907
1676
1736
53
1475
1658
1518
1993
8
181
688
1345
516
1722
796
892
996
1279
1328
341
1305
224
1725
1917
657
1957
428
384
987
417
1664
46
851
252
1099
1366
978
1688
1972
643
178
1146
863
706
682
98
1950
103
1502
128
1287
1007
1877
672
1353
224
1882
1797
643
491
1162
1549
1197
1860
1490
1356
1292
507
625
755
205
809
1532
729
1475
776
316
653
986
894
1764
49
792
1076
1124
512
1299
1800
61
980
1956
185
1056
842
1425
789
797
722
431
1682
1153
747
1546
682
24
1266
1475
20
834
630
583
1554
130
1324
828
1846
969
920
1192
439
814
925
139
1111
593
339
39
781
1468
1599
816
1881
1573
1482
348
514
1972
1321
1618
682
1793
1607
907
1639
1399
103
990
1694
1457
692
1135
680
268
616
1404
516
950
1457
1127
1006
1224
871
1437
962
1300
1880
1914
981
146
559
1787
1562
1520
769
1096
1528
1177
810
217
997
703
1705
557
828
1773
1358
296
751
841
1151
1637
1518
1965
1417
1388
1439
845
838
1709
304
1487
1538
646
1305
1338
1117
883
1062
1425
1672
1585
1018
865
1442
1934
119
1579
1678
1563
1923
717
895
1949
1467
274
1021
164
1045
1867
1763
531
220
610
1342
1299
47
1043
952
894
1525
1614
893
1687
1931
301
1863
880
659
1302
1727
794
1274
1851
248
867
953
1788
1033
1877
1202
1632
1917
387
4
548
801
1642
999
1033
55
1099
1217
1163
983
463
1794
675
831
1879
613
1244
1148
1187
439
910
111
630
1651
629
1119
1032
94
364
1268
910
1318
1261
509
1806
1806
1370
452
1067
784
183
1902
1032
1824
1858
322
950
1908
1498
1458
215
958
231
1772
1263
1788
30
1205
399
1957
827
634
884
1440
1163
499
981
731
526
1918
231
1117
285
1912
317
205
1640
1139
134
164
1612
1064
955
45
1413
17
1773
893
700
562
624
1501
1247
1599
524
808
1678
1202
961
1560
1265
1125
1363
153
1524
1871
733
975
435
1152
1333
1817
791
1830
1058
821
1603
1773
757
1118
1477
737
1746
116
1846
1609
1363
1055
1990
92
643
710
1485
775
231
252
411
1164
487
1486
1412
1514
1396
937
1910
315
1699
122
1171
608
668
974
1226
1962
1050
592
57
1278
1597
1037
1978
509
1177
564
1754
1177
1855
1799
1338
126
465
300
935
1380
434
879
667
1160
153
717
1290
1856
641
78
1603
1449
827
1514
1179
1242
921
375
959
381
506
332
927
60
805
970
807
197
384
699
456
695
1562
1660
1665
986
173
1253
1422
254
1091
925
1045
1579
1868
660
1450
817
441
1044
1593
1774
1157
1102
1482
1283
477
1313
1936
1860
892
110
1022
1998
709
1511
327
1788
959
919
1137
465
1466
380
1482
1996
695
581
1685
117
1919
1777
916
1732
1899
405
1396
1689
1781
1344
940
220
444
1808
1588
226
1679
1668
1428
1225
776
1707
1904
985
1620
621
1689
1334
1605
476
1901
491
121
961
324
1747
1163
1452
701
1232
1604
720
537
981
661
1973
1874
1775
535
590
1397
1464
612
106
392
1443
621
827
1462
610
33
505
1760
671
1271
1283
573
1418
1875
1381
735
333
845
1794
1991
71
596
255
739
21
633
104
1327
1630
1238
1667
1514
798
1044
1395
1134
406
139
772
642
702
348
1014
1849
991
557
1474
345
7
1941
1265
1774
630
479
235
303
1541
54
610
943
378
635
441
1509
1436
744
316
1255
365
1500
1614
1835
1088
521
373
968
103
1431
1668
798
672
1738
1229
369
215
1714
1364
1429
1597
534
844
1912
742
1432
1701
1209
767
889
1299
1977
1905
192
265
1600
1829
1374
1227
663
1897
340
1349
726
979
744
1853
1327
1317
869
1105
1810
1856
500
305
1832
1222
594
1048
237
1727
1906
1533
835
1085
835
1297
1136
1546
267
976
1547
984
1508
152
666
118
1875
491
512
971
1242
5
1215
1308
1917
756
1103
43
113
467
1791
228
1805
638
1025
832
532
716
1230
1683
1120
19
1021
1332
812
943
476
1104
944
552
654
1952
1414
1005
1943
1882
1037
136
652
1563
1594
593
298
458
465
1952
1832
204
1700
1845
12
123
191
1485
109
242
1749
239
538
195
1880
1832
632
851
1214
841
458
1795
703
812
1524
392
532
895
1634
1211
1795
1270
1386
919
1117
52
1671
207
1992
160
1619
1085
1799
937
733
474
1395
974
809
788
649
5
548
1409
1069
189
357
1814
1049
874
874
1218
1671
1314
1407
1328
1079
1672
1293
1140
30
1271
944
688
408
465
1823
592
525
495
756
1374
1723
1746
318
1427
1714
268
291
1052
1883
1647
347
406
157
1836
1569
1218
684
39
412
960
13
506
283
628
774
424
518
1297
1393
163
1057
1052
866
1031
1415
1597
1241
1470
71
1119
1734
156
612
241
229
575
1594
893
832
1440
1578
1308
328
1185
1175
113
1864
1477
1969
1831
900
1874
308
1815
817
356
240
760
1877
1780
233
1302
1249
461
96
163
880
1479
899
1723
1532
1346
1931
69
1639
1035
1667
856
1684
1334
800
1828
1725
298
394
321
1763
1767
549
784
1297
1175
643
799
1166
1590
389
282
1962
1784
2
1972
1536
781
868
331
304
177
1631
10
793
1769
421
1264
1057
1462
264
1076
747
337
429
1477
920
1128
234
1693
1806
353
435
1197
1742
1088
812
365
57
1238
1929
1496
1761
1282
1710
1432
369
788
574
1538
550
974
1976
1405
547
245
1490
1546
1103
1275
1541
503
555
1979
1964
213
1905
1195
309
437
1294
702
1610
1017
1930
950
1142
637
1632
598
1615
602
939
1688
291
728
719
929
1262
596
308
656
303
1464
1124
1671
1502
1474
1145
1107
1489
458
1341
721
356
1400
349
603
1367
534
21
791
1291
338
287
357
1849
1120
411
1604
684
1598
1476
1576
1845
1589
1694
181
1873
960
1925
1263
1191
1684
740
318
1001
121
1323
644
1226
784
1358
1103
1030
1259
1883
852
806
6
915
280
1312
1646
1813
584
355
1901
219
1579
510
1630
970
145
1630
396
1702
481
275
563
543
1311
1545
944
178
1366
331
1940
321
907
449
1549
1019
272
1309
277
940
1038
1811
673
1105
1529
391
1916
133
332
968
1288
270
1014
191
179
1910
843
940
358
1895
447
374
1363
881
1917
1433
687
1441
1964
1174
1694
45
1195
1923
779
917
1206
863
1172
1625
1298
1345
1877
1162
1380
1875
55
1840
922
1630
1445
1896
168
339
677
547
956
277
1378
351
463
1324
808
1192
1578
1854
778
1969
1957
1673
277
1756
1121
1803
321
1428
1005
176
428
304
1242
365
955
827
269
1276
738
957
562
57
1432
311
733
816
1345
1949
1505
180
778
493
1359
904
446
643
543
1794
1551
1351
1580
838
916
509
583
1298
1258
406
788
1776
1937
1074
1080
704
767
1344
748
792
1798
1234
1249
185
423
1468
1936
1977
773
987
528
1643
161
1213
705
1469
1120
1940
564
793
1168
1544
1902
1543
1672
1433
299
1148
492
1307
199
1982
509
120
835
1368
1107
1903
1594
1422
1024
432
1932
1304
585
222
1927
1519
165
332
1443
629
1755
1213
1706
1571
1603
539
734
1289
1604
518
1920
1827
1402
1121
415
1802
335
582
1443
174
663
794
671
225
1579
939
1547
1152
1310
529
745
1476
1640
1765
1096
665
1781
1867
553
154
1855
384
1031
942
911
723
833
1466
1917
917
462
1703
1993
1564
1580
126
3
1574
637
1906
618
118
1890
1030
869
83
460
1207
1681
977
537
1867
665
614
500
1346
765
685
201
108
304
413
1013
891
503
484
1504
1094
365
1848
586
1200
1838
1176
444
419
447
1519
1901
866
1283
25
149
1912
807
1424
1649
1072
1159
1585
1493
478
1362
1044
1421
720
699
1665
409
380
737
646
474
1258
91
974
1289
1460
1027
1080
462
1685
1906
35
587
1528
418
1501
1910
1691
327
1445
1893
1402
122
1721
1224
65
1436
1236
976
807
84
1054
1613
944
1777
1782
1420
1001
1768
1072
1176
1277
1334
598
224
400
1453
539
156
1812
1130
369
703
397
1148
837
1782
20
1995
551
893
206
1110
569
391
601
664
991
604
1051
579
189
1625
181
1702
1489
364
615
1059
319
1352
1529
1158
617
689
392
404
276
645
1462
1437
480
240
371
248
497
1836
1137
1287
1176
151
1693
1596
954
1918
1115
555
1400
905
1849
975
1036
1826
1294
1271
1923
1699
1609
382
1951
1983
1087
1994
1547
216
1506
1831
1860
1124
38
806
1370
898
1465
1295
790
923
1353
1140
269
1893
1336
799
1973
396
1934
1657
551
1009
1543
412
1906
1470
1526
1490
1784
1857
520
1838
187
1841
838
953
676
1708
1056
1848
1919
239
359
141
1538
366
1726
677
1413
1136
1870
300
1588
1960
1569
100
288
200
1828
1210
125
528
1142
1614
366
939
1818
1336
1075
1423
1982
1605
57
1768
1916
1633
78
1250
584
968
438
389
332
56
8
164
1947
1643
1654
157
93
1317
1057
374
1180
1784
156
1101
160
415
460
1275
252
314
800
770
1312
826
1771
1127
111
467
693
393
782
514
941
543
991
338
1324
1310
1606
1033
412
676
1934
1682
150
1788
1170
696
1853
991
1988
1059
1091
452
954
1516
1495
1146
1558
1416
773
0
1893
295
1702
1103
377
1915
498
1566
211
1419
1682
1107
969
955
1595
1400
1400
1306
188
1824
1405
465
1444
1181
763
1450
1661
897
1329
1860
942
1778
499
1838
778
250
1211
1157
1706
482
1858
96
1105
1155
1897
1428
345
336
263
1151
345
1766
692
1561
1100
870
1651
58
356
845
532
1703
438
695
1963
1030
762
14
42
367
439
68
925
1678
677
225
143
549
1834
1314
645
1366
296
1557
1015
1502
562
500
1934
1158
1640
957
1072
5
190
65
901
1323
951
1882
1934
1918
831
239
255
2000
1244
714
1696
1282
699
230
1927
949
1165
730
1030
1360
1150
65
719
392
1685
1358
1325
1711
1504
1169
60
1550
910
70
353
1713
1777
1496
175
1853
1051
117
1103
778
1984
1646
1398
1056
851
1951
162
1345
145
1195
1004
682
535
860
573
1489
14
156
1886
1199
365
863
837
1617
219
1751
1232
98
1630
996
688
372
815
1247
93
1815
1277
1065
1594
1654
1711
264
81
1787
1974
1388
153
696
1995
4
1704
378
1641
426
1203
1950
1065
109
1442
916
830
80
169
1927
1938
361
1484
740
1857
1496
1173
168
74
578
656
1703
1980
155
1406
1012
1241
277
152
566
903
412
1903
1080
780
456
785
871
555
162
50
208
227
1478
1732
1969
157
781
1124
631
1726
1860
224
272
321
59
156
1313
654
1344
274
1318
1058
1813
191
1991
883
577
1891
1860
702
1111
298
984
1603
1952
452
1091
1352
902
1991
1404
1166
451
445
761
896
1922
1011
885
1239
1366
291
1819
1669
1241
580
898
184
1659
708
1688
1835
324
663
1977
1005
1375
1413
1289
1562
1384
1335
1678
844
1742
1850
1752
483
1161
843
1009
1931
1613
1594
681
209
987
1011
212
97
1996
1602
474
427
1034
400
287
63
285
829
675
1415
3
385
377
1995
949
1337
295
607
25
689
1949
1713
597
353
76
1568
1775
1495
1148
1677
1925
1386
596
1802
256
152
430
1583
1054
1441
406
871
591
1884
1017
324
1695
1005
1813
985
716
744
1335
1833
227
1168
207
249
563
1690
1826
424
1047
1476
128
301
995
1301
1642
1360
104
1445
5
1604
1184
1384
1922
470
600
25
1601
1555
234
789
1171
1648
1320
1012
825
832
1084
1395
556
1804
1620
723
887
1455
146
1604
1839
725
927
1267
179
223
1108
60
880
1755
216
1649
1585
1778
1340
128
4
1281
1262
1406
1895
1249
339
373
406
345
887
783
147
1614
1183
1813
1273
384
1220
1471
1151
1114
482
1735
1140
1088
1008
1142
578
1981
1754
550
320
797
1298
902
1152
1692
1373
221
1101
1259
1706
1162
888
790
840
395
745
1055
648
1971
1380
844
1561
1500
321
1784
1166
1082
1174
1970
1902
1381
410
1406
1967
952
654
875
533
82
417
1179
862
1851
961
1402
1888
434
1672
1756
616
59
1641
438
339
499
1754
1109
116
1931
1014
1752
937
595
1436
1044
1482
549
382
858
419
1856
190
99
1384
1722
1269
1092
139
320
799
998
1699
406
566
1903
271
712
518
1831
1058
1063
1539
1322
1187
1176
900
118
944
