176
139
156
77
106
10
23
193
111
97
96
22
131
158
18
183
27
172
176
52
84
17
161
41
68
45
185
9
153
11
182
57
118
52
9
149
24
192
161
37
13
157
82
116
147
142
159
181
76
64
55
177
17
86
58
185
131
28
46
7
17
191
75
129
147
118
107
176
69
65
8
47
40
31
106
127
92
36
12
97
7
199
144
105
16
113
84
77
87
104
65
98
37
41
66
30
124
15
175
6
51
106
63
159
21
12
172
151
180
62
59
9
47
184
35
165
171
1
22
27
83
127
30
58
200
103
59
132
132
100
112
66
173
156
20
116
56
84
165
162
163
101
1
199
57
50
88
93
194
64
60
175
179
19
145
193
200
136
140
104
154
75
89
30
120
180
56
179
107
151
178
82
107
193
25
58
155
27
168
0
172
186
151
108
56
34
173
40
61
113
68
112
135
186
131
199
183
155
79
173
14
92
81
136
22
86
1
170
106
115
157
95
38
165
140
29
4
20
30
53
100
159
26
144
20
84
31
151
36
70
33
25
140
106
101
65
46
97
198
181
91
14
106
106
33
13
46
122
21
145
129
155
198
174
103
96
61
79
187
192
134
66
27
77
80
25
131
171
0
102
13
173
110
47
79
11
31
132
35
153
98
128
176
33
103
0
71
131
184
196
10
33
180
70
46
53
2
104
68
159
78
131
32
79
65
147
90
43
55
54
68
167
44
181
40
29
13
37
27
24
114
188
107
45
117
95
133
146
23
127
181
83
19
41
25
28
56
79
176
2
2
6
62
168
25
25
56
144
166
170
145
10
189
101
11
56
134
110
66
70
51
184
29
31
51
126
135
29
159
181
42
107
159
100
130
172
27
158
139
2
124
197
75
196
140
106
49
133
106
6
65
86
129
73
200
134
188
196
200
56
165
166
13
12
87
12
69
154
3
48
171
179
169
61
119
66
155
57
170
80
20
4
136
87
156
131
42
78
118
48
132
99
145
128
94
62
51
144
5
6
143
113
168
159
175
129
171
120
90
92
14
168
13
66
95
63
9
66
74
51
188
136
4
130
84
122
110
192
35
99
124
151
165
57
131
27
184
184
139
14
110
89
154
191
44
119
123
45
151
31
133
155
111
45
74
109
89
111
177
189
158
108
96
178
75
10
193
173
103
96
146
200
193
174
39
78
176
73
121
189
194
90
109
103
37
35
199
152
150
166
200
184
195
134
36
181
27
125
14
66
140
150
98
38
64
187
48
83
64
143
18
163
69
76
132
130
5
30
161
142
34
145
192
111
61
63
83
52
62
45
188
19
121
54
44
99
83
174
135
6
29
104
169
191
4
82
70
10
187
147
47
112
167
177
149
151
105
121
197
100
60
158
154
159
57
33
194
126
185
146
27
118
151
127
114
160
9
150
37
126
59
151
4
189
150
197
195
169
183
23
129
114
77
4
169
143
110
183
101
176
141
196
105
192
160
137
184
169
20
190
26
54
138
103
75
8
33
89
59
51
92
70
60
104
40
166
87
43
19
61
67
9
20
87
47
29
130
105
134
136
152
82
82
186
181
137
142
86
121
62
197
153
124
184
196
147
200
156
178
133
158
118
14
113
107
141
31
122
152
116
182
151
16
199
114
40
136
180
7
11
10
141
3
172
91
168
150
9
179
188
170
30
136
155
172
39
75
165
71
182
126
195
24
25
182
174
154
27
41
118
171
59
69
44
71
29
23
98
147
160
52
41
35
44
33
125
16
52
10
91
157
25
176
39
40
38
188
64
78
153
197
144
114
190
115
96
64
105
104
6
25
53
88
49
158
185
88
75
181
104
33
193
174
43
182
159
23
124
64
96
45
23
16
34
112
58
193
40
65
122
20
63
148
58
116
75
161
22
191
139
78
184
99
188
98
65
20
30
69
72
125
52
137
9
195
9
25
76
144
173
138
60
189
162
163
53
149
125
194
26
137
5
170
90
145
10
179
95
60
67
48
109
190
55
51
98
95
57
162
51
74
5
93
100
135
54
97
21
116
158
75
98
91
37
38
186
119
90
102
13
122
39
24
23
10
73
135
137
4
165
126
102
84
135
58
190
125
199
127
126
29
138
7
59
45
82
7
172
15
27
23
134
10
72
196
173
78
8
20
115
168
65
35
85
90
30
179
70
126
152
168
76
138
189
63
96
172
135
109
146
71
176
154
139
159
26
197
151
133
123
143
0
129
194
150
68
61
199
146
52
160
156
84
180
22
179
114
151
188
50
74
31
76
34
174
175
122
23
88
190
